pso,hgapso,logapso
2356.5747189874182,2175.947437107958,2256.360596416476
1101.1467666194117,1980.462675058748,1840.8648565421086
-6831.894447580295,-823.6469100321971,-434.3521913713088
-31255.921288019803,-28745.685396938636,-14361.245944405377
-120867.20387276044,-112270.67628834206,-79968.21709011673
-365932.02882520633,-454132.90052079584,-268048.65862808155
-1091416.6654417063,-1766989.9467856928,-839799.9813779294
-2947117.7404861962,-6435786.332442135,-2625871.233264748
-7410562.070722247,-22728199.191109143,-7106062.150443798
-18255372.407231744,-82028487.3234255,-17925794.14521028
-42919432.86812742,-284791824.7607069,-44285235.64228484
-96767349.94056669,-994556854.9589794,-106038730.1125245
-226304326.6314993,-3435978097.9461164,-249459580.04591712
-504493030.6109678,-11887866315.550932,-594768661.6114812
-1203153583.6385868,-41474872230.09004,-1344240523.6546912
-2801974398.227458,-142712779892.81427,-3090015121.5943656
-6696478546.686527,-494775239038.4574,-6805138326.736955
-15950603013.303802,-1730984022158.7878,-14988289611.779943
-39388569959.512085,-6153584636602.042,-33418441867.75715
-93464071885.08174,-20847789852252.6,-78173155977.86024
-222837656618.18546,-73077185942453.27,-185569220492.54245
-523543068206.98096,-258512440899104.56,-439715473426.8905
-1284725064683.904,-893693155196608.6,-1003423208409.0059
-2975972820045.663,-3083750998572109.0,-2444831018185.5513
-6829618963019.245,-1.057499815924719e+16,-5885352831170.254
-15430600385162.207,-3.600547274116353e+16,-13652084993778.738
-35786816408835.39,-1.26093188203829e+17,-33024493361235.5
-82330756768657.7,-4.442307298297556e+17,-81779902439024.73
-187658160464151.2,-1.5322624174576707e+18,-186627585514984.2
-419238834657856.3,-5.187060491652756e+18,-427022817076741.4
-936886256225781.2,-1.7744295100595618e+19,-967777563638017.6
-2223529410544242.8,-6.095464450965777e+19,-2237055972206620.0
-5096784228958002.0,-2.086230435479668e+20,-5320407145770144.0
-1.1659488638319508e+16,-6.992298374569808e+20,-1.242341361259814e+16
-2.7864991108291704e+16,-2.404433357065434e+21,-3.0508094452094668e+16
-6.525935950735403e+16,-8.253997581476978e+21,-7.45406454343999e+16
-1.510609568131425e+17,-2.8244530431026795e+22,-1.8230318599326176e+17
-3.4572437605883136e+17,-9.88647287878788e+22,-4.122929226970363e+17
-7.97149568204119e+17,-3.3533209765328056e+23,-9.31375218310339e+17
-1.8822356908947768e+18,-1.1703147013756371e+24,-2.1663766093093696e+18
-4.300225474248056e+18,-3.823237927822357e+24,-4.860829390518981e+18
-9.898690135404937e+18,-1.3285796979634192e+25,-1.1473290623783932e+19
-2.2895799299236884e+19,-4.5823136940255216e+25,-2.4830243619620987e+19
-5.480532476874688e+19,-1.5922535234590448e+26,-5.936309557075466e+19
-1.2623270613126642e+20,-5.3445701827344754e+26,-1.3281627902700483e+20
-3.005691040252535e+20,-1.8361561457925878e+27,-2.996167492209607e+20
-6.741912998734716e+20,-6.363469960781241e+27,-6.689299973875125e+20
-1.5371288010100528e+21,-2.1941006064665985e+28,-1.4712684646612006e+21
-3.4363673940468947e+21,-7.560997424065623e+28,-3.289172421649385e+21
-7.863190971957162e+21,-2.6065170737805477e+29,-7.430849967759958e+21
-1.7623657674381984e+22,-9.133772142579676e+29,-1.6700392865901549e+22
-3.888868081519775e+22,-2.99725924708496e+30,-3.6665497622548574e+22
-8.886711979444576e+22,-1.052273437228542e+31,-8.297996993851461e+22
-1.979462524554447e+23,-3.6596485170368776e+31,-1.8488355911758247e+23
-4.470279586150908e+23,-1.2559492932441052e+32,-4.203512481521579e+23
-9.96790182906369e+23,-4.380279014199447e+32,-9.804766839532358e+23
-2.4127156813172625e+24,-1.499553166115315e+33,-2.252838382602047e+24
-5.809423099854405e+24,-5.275819128971879e+33,-5.050438757832941e+24
-1.3747002642355068e+25,-1.8610097886605092e+34,-1.127226597845157e+25
-3.140134837032768e+25,-6.249811578774565e+34,-2.423705475525649e+25
-7.344760157488908e+25,-2.1102715284581756e+35,-5.259379430421297e+25
-1.659924658940665e+26,-7.262553366706096e+35,-1.1741058210286122e+26
-3.971822127731499e+26,-2.523377743427783e+36,-2.6905697467935023e+26
-9.027716781941344e+26,-8.822628341354843e+36,-5.887532219031243e+26
-2.1366214462365174e+27,-3.044958638271135e+37,-1.3467393098934932e+27
-5.073158163224258e+27,-1.0169783890792762e+38,-3.077962081269501e+27
-1.133272419148503e+28,-3.517207054426023e+38,-6.923091403987347e+27
-2.5840158830297835e+28,-1.1920465752208272e+39,-1.5247516654739265e+28
-6.273656910412511e+28,-4.1824942420802586e+39,-3.6054734198788703e+28
-1.4568572527023908e+29,-1.4634960338752671e+40,-7.945295190562932e+28
-3.34657985283313e+29,-5.086061169936968e+40,-1.7609312688237398e+29
-8.00745202603548e+29,-1.7580446614725474e+41,-4.026902420999604e+29
-1.873528210183059e+30,-6.08146544277667e+41,-9.40178194928651e+29
-4.328103598217579e+30,-2.0976395085490152e+42,-2.1498801395983667e+30
-1.0250781669747629e+31,-7.296558352503482e+42,-4.9934578691994504e+30
-2.385797188598886e+31,-2.5805629298043027e+43,-1.157047620804442e+31
-5.524593118431947e+31,-8.878079955586444e+43,-2.736898832177771e+31
-1.2464949783233783e+32,-3.141849420698276e+44,-6.4075332277507845e+31
-2.8416415287903026e+32,-1.0785270883875084e+45,-1.4733288466932884e+32
-6.863684401153388e+32,-3.6524144209095636e+45,-3.27332689444182e+32
-1.544666719908237e+33,-1.2531086547696704e+46,-7.418101855737279e+32
-3.6097670738344225e+33,-4.3537951747355885e+46,-1.6238961580554847e+33
-8.122766326313208e+33,-1.4662373989315989e+47,-3.721682411991525e+33
-1.8555979334208163e+34,-4.929761196113267e+47,-8.526747950134187e+33
-4.112935320906953e+34,-1.670966111978617e+48,-1.9143291105785068e+34
-9.526967095873539e+34,-5.819328745944536e+48,-4.323537235630468e+34
-2.2170007417368184e+35,-1.9448823749804294e+49,-9.81163226945918e+34
-5.1862354054969635e+35,-6.597950760797119e+49,-2.141627957911829e+35
-1.188391429824766e+36,-2.2608000511061657e+50,-4.805276686289064e+35
-2.789014064369351e+36,-7.638702859143459e+50,-1.1337733554305021e+36
-6.449410695054849e+36,-2.6134753672694658e+51,-2.6137720921127052e+36
-1.5316756908642827e+37,-8.805766886734643e+51,-6.436524921872381e+36
-3.4513985242400284e+37,-2.93374988862374e+52,-1.5549722436872527e+37
-7.878443687818296e+37,-1.039490945182787e+53,-3.6369463046402365e+37
-1.806725971503788e+38,-3.4793114331019823e+53,-8.432561651052978e+37
-4.167119755158598e+38,-1.2157299606128212e+54,-1.9206636370755427e+38
-9.44609894918077e+38,-4.154999429386459e+54,-4.2765046941124686e+38
-2.1721533293943718e+39,-1.416802190984221e+55,-1.00974682845763e+39
-4.9702074699789865e+39,-4.896582353980096e+55,-2.4357937791470125e+39
-1.153190585689064e+40,-1.6855805283634384e+56,-5.526024838732144e+39
-2.7362142039054593e+40,-5.867599558579543e+56,-1.2089333165716234e+40
-6.470182960777531e+40,-2.040140751261458e+57,-2.7619098425068824e+40
-1.48020746413224e+41,-6.947910512379964e+57,-6.53389363808144e+40
-3.2830150058853775e+41,-2.3807785374974505e+58,-1.5802768096782682e+41
-7.623899907775161e+41,-8.266270818465664e+58,-3.834044122889541e+41
-1.742878447423458e+42,-2.918541014741569e+59,-8.928187279678381e+41
-4.0995607632495976e+42,-1.0259845734791043e+60,-2.141529841173005e+42
-9.106366311379223e+42,-3.570302252533224e+60,-4.9829764742990336e+42
-2.1003987119495553e+43,-1.2691993016179924e+61,-1.1803020700494215e+43
-4.846564983635857e+43,-4.495661942618146e+61,-2.824333746245392e+43
-1.0897041482053065e+44,-1.4813755621681504e+62,-6.358937191749788e+43
-2.470574189097308e+44,-4.967990550200913e+62,-1.4070035141239332e+44
-5.686984230370264e+44,-1.6952832642915652e+63,-3.185168133753952e+44
-1.3202542261842682e+45,-5.675248901197124e+63,-7.368381458062928e+44
-3.063108391101282e+45,-1.9198133788701185e+64,-1.7051662346964708e+45
-7.219311787527516e+45,-6.56235294842266e+64,-3.7358539958887044e+45
-1.7507036883446945e+46,-2.2281189079863163e+65,-8.753575494792485e+45
-4.0376080087025326e+46,-7.631811396452314e+65,-1.9966133071015082e+46
-9.068214017614403e+46,-2.6126573511779413e+66,-4.589135611669894e+46
-2.056768036737825e+47,-9.044299406358561e+66,-1.0924060302004035e+47
-4.704907548698013e+47,-3.099348568198584e+67,-2.503354094648784e+47
-1.0552887092381283e+48,-1.0702686692884612e+68,-5.825483626302527e+47
-2.4063428173272506e+48,-3.6866765167770285e+68,-1.3260413707263756e+48
-5.4348568919066e+48,-1.2264235120011299e+69,-2.950117593111561e+48
-1.3100807443572334e+49,-4.224242749770248e+69,-6.837770125120914e+48
-3.1470920903473325e+49,-1.474051415222564e+70,-1.5509406373081248e+49
-7.578157670495437e+49,-5.1013873948177805e+70,-3.4543687299186343e+49
-1.7249434507482173e+50,-1.7515984350003818e+71,-7.934178611093007e+49
-4.059633177485925e+50,-6.08664339050271e+71,-1.787032020691022e+50
-9.546583010767898e+50,-2.0725998662886207e+72,-4.143994696887561e+50
-2.1393271083369635e+51,-7.2671992518281e+72,-9.644782283677904e+50
-5.1497518677582515e+51,-2.5127009857413058e+73,-2.2030871749219362e+51
-1.1722755113178458e+52,-8.557336728469591e+73,-5.224096222350095e+51
-2.610324070841951e+52,-2.994420519655011e+74,-1.249522032004718e+52
-6.347591277657355e+52,-1.0661882497038006e+75,-2.867758696956416e+52
-1.486843154361544e+53,-3.7008214688425484e+75,-6.655442330347194e+52
-3.733591669681682e+53,-1.2879875208060083e+76,-1.5580305027358628e+53
-8.665389565382519e+53,-4.4803688557793935e+76,-3.618213785509728e+53
-2.1264602200109256e+54,-1.5286130661671974e+77,-8.753411169924911e+53
-5.145235055169861e+54,-5.338056194565411e+77,-2.0137689136885442e+54
-1.2116741570312028e+55,-1.8442670420822352e+78,-4.507871722612277e+54
-2.8044665712799926e+55,-6.414432897101487e+78,-1.0511136343960305e+55
-6.401255732410409e+55,-2.173240959163404e+79,-2.4041090806287402e+55
-1.516175678338166e+56,-7.491618488439719e+79,-5.59637899383366e+55
-3.479437274158364e+56,-2.657743618346247e+80,-1.2968064636647714e+56
-8.045133032264286e+56,-9.152952198047412e+80,-3.099726243854722e+56
-1.9519829292175177e+57,-3.216384631987379e+81,-7.152083901069826e+56
-4.5152897308827654e+57,-1.0983976328183978e+82,-1.6448675891800865e+57
-1.0096617202008813e+58,-3.740664573314601e+82,-4.19380964409464e+57
-2.3717190863095847e+58,-1.303173725054541e+83,-9.905756026570484e+57
-5.393004202647158e+58,-4.4389654865687e+83,-2.3235250737865875e+58
-1.197275280754922e+59,-1.5346482815319282e+84,-5.552125203492054e+58
-2.8848842533184875e+59,-5.347593294717397e+84,-1.3293689058822894e+59
-6.674533273231046e+59,-1.7979735649793998e+85,-3.246545858086638e+59
-1.5501483224186834e+60,-6.0727975487764035e+85,-7.802917619077984e+59
-3.823429516238375e+60,-2.1007100368593566e+86,-1.8906380869354978e+60
-9.103538279098521e+60,-7.233567601853283e+86,-4.440637707903509e+60
-2.054973268681393e+61,-2.5137913451580557e+87,-9.895919998519676e+60
-4.8927010437374055e+61,-8.792729022205046e+87,-2.2293212845252056e+61
-1.107629212372499e+62,-3.0622667287925584e+88,-4.940774104995254e+61
-2.7751738729092984e+62,-1.0423488452487977e+89,-1.071600954350271e+62
-6.624523753739475e+62,-3.6165336315958617e+89,-2.422244063270599e+62
-1.5034753230784434e+63,-1.2284231122717802e+90,-5.587093551283641e+62
-3.476982677795619e+63,-4.364836679628223e+90,-1.3631750582455457e+63
-8.017025540115799e+63,-1.5125753088765565e+91,-3.2857722240067414e+63
-1.8652913736079815e+64,-5.2276268430453276e+91,-7.929114858278123e+63
-4.230734518525161e+64,-1.8317351871875467e+92,-1.8325836612752138e+64
-9.429566005486139e+64,-6.421869965136535e+92,-4.306080304388757e+64
-2.1971125570612984e+65,-2.244435864041487e+93,-1.0051486038077882e+65
-5.203114731716539e+65,-7.327144003903681e+93,-2.2924969580689626e+65
-1.2073280157101665e+66,-2.5325851358840022e+94,-5.224486848008842e+65
-2.9600352125733524e+66,-8.781745882585202e+94,-1.2826027202362804e+66
-6.721799982016768e+66,-3.065262456747794e+95,-3.0277860787254682e+66
-1.531761647211213e+67,-1.0528475462280814e+96,-6.885860769375817e+66
-3.495543661567772e+67,-3.5793721505688087e+96,-1.669048444761544e+67
-8.312184910987314e+67,-1.2154599695354745e+97,-3.988998525887946e+67
-1.835318915781051e+68,-4.073731853298137e+97,-9.008214393288413e+67
-4.074771544915866e+68,-1.406923021565521e+98,-2.1555757200265885e+68
-1.0098992563948363e+69,-4.946368382591918e+98,-5.1155230843252045e+68
-2.4329872859412416e+69,-1.6935653905133505e+99,-1.1965377098354433e+69
-5.772833614348871e+69,-5.876429706252467e+99,-2.7404787077955664e+69
-1.4093802824521744e+70,-2.0333520954878864e+100,-6.4253492465655375e+69
-3.456946373365767e+70,-7.124243561140901e+100,-1.5500160125039742e+70
-7.75649579184417e+70,-2.4028826867332543e+101,-3.579772930452844e+70
-1.8798606759085384e+71,-8.309110100947615e+101,-8.624465895100878e+70
-4.675410555090349e+71,-2.867164481223252e+102,-2.122054197881911e+71
-1.1381627661243149e+72,-1.0085327152346865e+103,-5.18363496193077e+71
-2.7542054881887496e+72,-3.4827924526871275e+103,-1.170087160804779e+72
-6.760531508392909e+72,-1.1811406197776713e+104,-2.8258051183168094e+72
-1.5478089844957255e+73,-3.9712696896106925e+104,-6.219484702986608e+72
-3.560298454563415e+73,-1.3797382899037517e+105,-1.5894023152668067e+73
-8.082704582919366e+73,-4.871684292534099e+105,-3.739192519635125e+73
-1.8007789073268222e+74,-1.6480738094602293e+106,-8.720948878566558e+73
-3.9600598223173394e+74,-5.598798831586243e+106,-2.0253149259942178e+74
-8.813899550971834e+74,-1.9212248999738843e+107,-4.523807335063097e+74
-1.967968328561396e+75,-6.564738746253389e+107,-1.0718463161368551e+75
-4.320278579021328e+75,-2.2778326938284935e+108,-2.449231174087367e+75
-9.634049303694769e+75,-7.838731900531754e+108,-5.526241725330415e+75
-2.049088931434021e+76,-2.6800977300401196e+109,-1.2813043047801333e+76
-4.569688041543321e+76,-9.123677469616363e+109,-2.9284411792514616e+76
-1.0471492887539581e+77,-3.2387447666963535e+110,-7.454277051612831e+76
-2.42547883362704e+77,-1.1500077053528966e+111,-1.7184020139636772e+77
-5.512015614356508e+77,-3.929199333063489e+111,-3.9853665330616896e+77
-1.261019982234991e+78,-1.3968062381472192e+112,-9.46120242848324e+77
-2.841822150087012e+78,-4.745598978693792e+112,-2.285669934878037e+78
-6.312625327620289e+78,-1.60712714597593e+113,-5.2502734163182456e+78
-1.4459989386481442e+79,-5.5399588800665043e+113,-1.1845609272714504e+79
-3.2697874216050846e+79,-1.899201342389504e+114,-2.6564119948013726e+79
-7.364040974919635e+79,-6.270816693648409e+114,-5.939148260851254e+79
-1.6609497204205458e+80,-2.156610927965957e+115,-1.2751514929062553e+80
-3.93767897481533e+80,-7.43181298859096e+115,-2.8163944065214383e+80
-9.09587334531164e+80,-2.5499709475593386e+116,-6.335381113218824e+80
-2.1090070473388663e+81,-8.71668897644772e+116,-1.4185186531632705e+81
-4.986500212820993e+81,-2.974683690016185e+117,-3.261995295294569e+81
-1.248793355877823e+82,-1.0136751911238637e+118,-7.2447571721808584e+81
-3.000176932685508e+82,-3.5226147247910603e+118,-1.6340430940927033e+82
-7.642280711076644e+82,-1.2157261220797547e+119,-4.0511598093248264e+82
-1.763058735915554e+83,-4.250840372704594e+119,-9.123612122920508e+82
-4.036759034411551e+83,-1.4167406278870187e+120,-2.1082295638995926e+83
-9.537395854017154e+83,-4.75325192265807e+120,-4.931055442813493e+83
-2.246592788534917e+84,-1.6443847692843923e+121,-1.0878109037996943e+84
-5.386210038240835e+84,-5.830691526708618e+121,-2.512682307856122e+84
-1.2312744739264026e+85,-2.0497401743589637e+122,-5.5782951568365825e+84
-2.7647461482743537e+85,-7.094477341987376e+122,-1.2690797764958401e+85
-6.50331646994823e+85,-2.4824202144076898e+123,-2.7542359487859767e+85
-1.4193755511266355e+86,-8.725498056394178e+123,-6.064021961770715e+85
-3.162875492805741e+86,-3.0562424719324956e+124,-1.335373197101402e+86
-7.591742229990602e+86,-1.0080703731743626e+125,-3.0513120395670914e+86
-1.836675361191745e+87,-3.455730060566909e+125,-7.244962292367098e+86
-4.252369255464662e+87,-1.211627649741251e+126,-1.779840659601361e+87
-9.79797357210599e+87,-4.0900569453974736e+126,-4.321910056581342e+87
-2.3361512295804873e+88,-1.4384087116236732e+127,-1.0556704729994892e+88
-5.3351717498585814e+88,-5.031379318322606e+127,-2.6513393766746107e+88
-1.2417004423734327e+89,-1.774772565778369e+128,-5.965176611566177e+88
-2.9843939548279974e+89,-6.322523438107395e+128,-1.4337709457723058e+89
-6.82969638775407e+89,-2.1888920925121386e+129,-3.2850597477232944e+89
-1.5493739387604862e+90,-7.435512507863364e+129,-7.55219329785027e+89
-3.423476454466044e+90,-2.5853496369452886e+130,-1.715808820409472e+90
-7.9114057553225365e+90,-9.142990745608924e+130,-4.0030988817812853e+90
-1.7479032175018947e+91,-3.150634966734609e+131,-9.735069971966266e+90
-4.211695508499534e+91,-1.1019174720186408e+132,-2.2597669421578126e+91
-9.492937846089769e+91,-3.834855513894989e+132,-5.2407147011601575e+91
-2.1595598378634472e+92,-1.3213448081963514e+133,-1.1889803270916763e+92
-4.9794813150228805e+92,-4.660280946459991e+133,-2.7539587638025435e+92
-1.1111718544277815e+93,-1.6378304607884448e+134,-7.033185214223754e+92
-2.5544021519654263e+93,-5.635152048716133e+134,-1.6732181072186683e+93
-5.788979228407308e+93,-1.9590757107511538e+135,-3.9529371447173625e+93
-1.338368857211683e+94,-6.881062699989495e+135,-8.87374233615694e+93
-3.0221368695063127e+94,-2.4279547045761744e+136,-2.135880708581033e+94
-6.767780609959577e+94,-8.400273329902932e+136,-4.729718524208633e+94
-1.5353287018688205e+95,-2.9306073365291624e+137,-1.1336695937729152e+95
-3.6775144427006015e+95,-1.0069332701431919e+138,-2.703044635430362e+95
-8.900832611331416e+95,-3.458228096228261e+138,-6.457720993675788e+95
-2.0310333922662127e+96,-1.1871838129819992e+139,-1.4899805353096976e+96
-4.764869601738977e+96,-4.047940624008964e+139,-3.617999448159648e+96
-1.1742170196082612e+97,-1.4118311531390487e+140,-9.243714978205596e+96
-2.6344663619303402e+97,-4.841024340288409e+140,-2.4106805207520932e+97
-6.354174254566052e+97,-1.6612193075091094e+141,-5.755956888256608e+97
-1.496538361039781e+98,-5.707288369159974e+141,-1.4371390328879656e+98
-3.7268432563186615e+98,-1.9674311921502725e+142,-3.4868158954020915e+98
-9.090740443075051e+98,-6.834382117024276e+142,-8.319681859778555e+98
-2.159549471595505e+99,-2.343438257555641e+143,-2.0562574552726023e+99
-5.002320462236027e+99,-8.063248307917138e+143,-4.735288613665769e+99
-1.178221086903703e+100,-2.744932320622323e+144,-1.0736625511583095e+100
-2.805588031814299e+100,-9.298185920348313e+144,-2.5002010169093383e+100
-6.354047563328297e+100,-3.265295649659406e+145,-5.7564734801930205e+100
-1.4804124624170973e+101,-1.1376277164365416e+146,-1.2711644696875791e+101
-3.369367790830689e+101,-3.923429466373375e+146,-2.862840698444603e+101
-7.992590192125544e+101,-1.3529525382660286e+147,-6.610986970537417e+101
-1.884335262792983e+102,-4.6985001505003455e+147,-1.487169946494102e+102
-4.329949907464401e+102,-1.5881580942317106e+148,-3.3364044763166336e+102
-1.0101486260810243e+103,-5.398310504001841e+148,-8.065692935447936e+102
-2.3904396413758615e+103,-1.8977981514503488e+149,-1.834401141983854e+103
-5.410139993882424e+103,-6.504734471066416e+149,-4.172841196007706e+103
-1.2914561269099458e+104,-2.291788637121676e+150,-1.0021942041239887e+104
-3.08466346376829e+104,-8.062012113571896e+150,-2.7558616452902415e+104
-7.134136271229129e+104,-2.804896491323029e+151,-6.763308051358011e+104
-1.6793230727144866e+105,-9.627565049212448e+151,-1.5767200259166994e+105
-3.9522842581713633e+105,-3.32563666937438e+152,-3.7352226980662936e+105
-9.482006711102506e+105,-1.1608480602083815e+153,-9.3254102134621e+105
-2.1025808757567682e+106,-4.045848928766441e+153,-2.122016371959865e+106
-4.533670829164589e+106,-1.3990449808439722e+154,-5.068545976004483e+106
-1.0079737891227968e+107,-4.789719497089964e+154,-1.2450170720576314e+107
-2.2818026343612667e+107,-1.6153150194893336e+155,-3.111113589842237e+107
-5.6032928050180815e+107,-5.624248930966505e+155,-6.982299867247541e+107
-1.2557190637746373e+108,-1.9835023911534233e+156,-1.591787158289651e+108
-2.9997544097198756e+108,-6.874697459760112e+156,-3.813200458273853e+108
-7.106667013715243e+108,-2.3112284852733518e+157,-8.474694215453853e+108
-1.6334258245504269e+109,-7.736484214148001e+157,-1.83506178164183e+109
-3.6480780232344596e+109,-2.643238647298181e+158,-4.215056566473684e+109
-8.255173701791564e+109,-9.074765300337241e+158,-1.0186217185828114e+110
-2.020040413669508e+110,-3.0829643567944854e+159,-2.349089036693308e+110
-5.336243952681875e+110,-1.0408123318714893e+160,-5.389989870647515e+110
-1.29227602911678e+111,-3.4988429039113546e+160,-1.1909026083249359e+111
-3.040449714227555e+111,-1.163406503172505e+161,-2.984102343260496e+111
-6.991457199138402e+111,-3.994141204735011e+161,-7.382113136906275e+111
-1.6249250147509707e+112,-1.3427358002086197e+162,-1.7625552043000032e+112
-3.929598041569754e+112,-4.7711148680574506e+162,-4.262415048669279e+112
-9.016250950043234e+112,-1.6872214158231863e+163,-1.0395188858897565e+113
-2.3456085509851223e+113,-5.6614382036910434e+163,-2.4672652584195238e+113
-5.578040791303584e+113,-1.950898869792201e+164,-6.518714684103726e+113
-1.3655368367331477e+114,-6.572434970419102e+164,-1.5301655404585723e+114
-3.227465922177549e+114,-2.306766241720465e+165,-3.559712104302659e+114
-8.17242011116614e+114,-8.039294465401285e+165,-8.19611493823812e+114
-2.1211054696709047e+115,-2.7409775395621044e+166,-1.809663594892543e+115
-5.3833491865295504e+115,-9.499133687806711e+166,-3.9143748059519844e+115
-1.3111722046323534e+116,-3.285364032669402e+167,-9.168142594228285e+115
-3.2297416563656534e+116,-1.1394846261363937e+168,-2.0166307350408932e+116
-7.469243256626958e+116,-3.899325378591371e+168,-4.399329018873825e+116
-1.8273946233899534e+117,-1.3523655867867777e+169,-9.64398554642915e+116
-4.0174147358416015e+117,-4.581563246702754e+169,-2.113842184350018e+117
-8.851911438182825e+117,-1.5769211151712106e+170,-4.74959325630972e+117
-2.0633103179840703e+118,-5.497947644324669e+170,-1.097269694223563e+118
-5.1287686979254585e+118,-1.8919988625249935e+171,-2.605749464291452e+118
-1.3333387755361383e+119,-6.5274490533279534e+171,-5.869807759172925e+118
-3.347054495377824e+119,-2.285057119602459e+172,-1.3608903959581712e+119
-8.371355056935235e+119,-7.691971148738018e+172,-3.0090021152632594e+119
-1.9645698450856645e+120,-2.662901747993348e+173,-6.285685818862727e+119
-4.6246488640771504e+120,-9.177877291622783e+173,-1.3555631310844568e+120
-1.0370743803603798e+121,-3.1694576344939157e+174,-3.092891113996888e+120
-2.341424996013843e+121,-1.1242961335541881e+175,-6.448422652106785e+120
-4.991202429650368e+121,-3.891307440846963e+175,-1.477292302472825e+121
-1.0620121500945814e+122,-1.350763205070371e+176,-3.352050679074721e+121
-2.500921720845819e+122,-4.603203288095272e+176,-7.774938397504167e+121
-5.7376011904918354e+122,-1.5940930413859142e+177,-1.9376803115504582e+122
-1.3175200014232004e+123,-5.5616716299163155e+177,-4.683448725296255e+122
-3.0444047045088396e+123,-1.9096732253378206e+178,-1.1022177108952362e+123
-7.306978790328974e+123,-6.650470041589548e+178,-2.5792312090069067e+123
-1.756940443108438e+124,-2.228165502286973e+179,-5.765949552198702e+123
-4.079968569542702e+124,-7.544238037432341e+179,-1.335877606168931e+124
-9.48866373233811e+124,-2.6412058552194643e+180,-2.9546316289884584e+124
-2.157349365805943e+125,-9.276030611972172e+180,-6.4810454581931235e+124
-5.193954941373527e+125,-3.2248504030473106e+181,-1.5710004807387679e+125
-1.2378384662199599e+126,-1.1274297123993314e+182,-3.394044376667448e+125
-2.904283023380682e+126,-3.922201746994816e+182,-8.525223523570515e+125
-6.977593326895474e+126,-1.3459713038632586e+183,-1.9720667542706e+126
-1.601300510230254e+127,-4.529914247980289e+183,-4.9824249442755276e+126
-3.804817002713544e+127,-1.603041850741394e+184,-1.1822270961714803e+127
-8.713018911037483e+127,-5.642507746163095e+184,-3.0233005672425786e+127
-1.961628526776747e+128,-1.9427313726005598e+185,-7.843193655778304e+127
-4.1392586346583085e+128,-6.712008427763388e+185,-2.0840941771175106e+128
-9.316422081775906e+128,-2.3209974349934717e+186,-4.905738505882726e+128
-2.0036949002824124e+129,-7.838491855618787e+186,-1.1486456470597944e+129
-4.59063003379816e+129,-2.6396728776741057e+187,-2.5663126425535e+129
-1.0023793333191428e+130,-9.115349216475323e+187,-5.526696965183374e+129
-2.2868299474560487e+130,-3.190729855165491e+188,-1.1524020997202997e+130
-5.061460205214954e+130,-1.1175141034078953e+189,-2.438886332854047e+130
-1.0825190650119712e+131,-3.7919814794032447e+189,-5.173760941293593e+130
-2.4438361854973724e+131,-1.3302635625039934e+190,-1.1911131213148883e+131
-5.97190616989061e+131,-4.677773958478638e+190,-2.634343845210042e+131
-1.4304546643301098e+132,-1.589486140178902e+191,-6.3807457967193424e+131
-3.3176725590041525e+132,-5.6230002993068264e+191,-1.4503029563916334e+132
-8.061429515756489e+132,-1.887818225569338e+192,-3.148225809323795e+132
-1.826614203989106e+133,-6.622180291307347e+192,-7.334075265230922e+132
-4.0155961124850093e+133,-2.301068028522953e+193,-1.6233936217593257e+133
-8.996008284183826e+133,-7.84760098296986e+193,-3.6081302630918804e+133
-2.0801467266126604e+134,-2.597013099735426e+194,-8.282875522751789e+133
-4.649347373108012e+134,-9.137249279637939e+194,-1.8915150855112203e+134
-1.0065841867596452e+135,-3.180830693331053e+195,-4.32737787205387e+134
-2.324187510606181e+135,-1.0655409674208739e+196,-1.0304877025359758e+135
-5.52643553574883e+135,-3.6315463532602208e+196,-2.58594700861046e+135
-1.3676016270784306e+136,-1.2858519713731948e+197,-6.256256229414563e+135
-3.1735359359392744e+136,-4.5172007354091664e+197,-1.4771472354899559e+136
-7.596078164386011e+136,-1.5626232511038742e+198,-3.625305444338334e+136
-1.8445805968398264e+137,-5.34693326866973e+198,-8.277918713001454e+136
-4.207838783775861e+137,-1.8414333400494907e+199,-1.9913316011154878e+137
-9.963282007191732e+137,-6.2938644647117165e+199,-4.470234052520942e+137
-2.427343656221824e+138,-2.1844831362403702e+200,-1.0116334807749245e+138
-5.667228974798272e+138,-7.460352699981297e+200,-2.2037680054507226e+138
-1.2790686727927784e+139,-2.526387747104313e+201,-4.918038778565111e+138
-2.832374598869568e+139,-8.480440387111149e+201,-1.0616538322219645e+139
-6.539578507549148e+139,-2.937551612538782e+202,-2.500246782621139e+139
-1.4688985369402163e+140,-1.0266077845202287e+203,-6.155249840456229e+139
-3.5431054012441394e+140,-3.4854338804697974e+203,-1.5582171311525253e+140
-8.098491961245954e+140,-1.1862339707284046e+204,-3.768612348051513e+140
-1.8004841965705657e+141,-4.0525030217791157e+204,-9.24748666350846e+140
-4.037004526062817e+141,-1.363860809975465e+205,-2.1537908339438598e+141
-8.540242996893293e+141,-4.712447962866467e+205,-5.073325755235882e+141
-1.803816422403781e+142,-1.623631009771256e+206,-1.1317783941258294e+142
-3.858239127282744e+142,-5.6864376211278935e+206,-2.519248458888607e+142
-8.352556704431876e+142,-1.9880327005918057e+207,-5.717437938321061e+142
-1.9809899108907525e+143,-6.799952326075163e+207,-1.3009256722539471e+143
-4.598108123883041e+143,-2.3956577654223744e+208,-2.9428755323020397e+143
-1.0152725218341303e+144,-8.158747260189495e+208,-7.012364967590126e+143
-2.4618320044216354e+144,-2.713946485081192e+209,-1.654848397139489e+144
-5.72192732526935e+144,-9.160645804991937e+209,-3.713227612809252e+144
-1.3630424775104435e+145,-3.090146961436551e+210,-8.989542197763094e+144
-3.162556264426175e+145,-1.0869742027800218e+211,-2.0447294410832952e+145
-7.269605807002864e+145,-3.7981797552069096e+211,-4.5270018395341324e+145
-1.8762318728057987e+146,-1.2873106162919231e+212,-1.0435799832876527e+146
-4.432078622656402e+146,-4.4608030905527794e+212,-2.4151660249145907e+146
-1.0106487501364604e+147,-1.558159915698532e+213,-5.3791687631593115e+146
-2.3162562379708076e+147,-5.30561425523278e+213,-1.281784569017762e+147
-5.217784470052665e+147,-1.8216261584324962e+214,-3.04483222532191e+147
-1.2521100334660065e+148,-6.358900584048583e+214,-7.535385307400639e+147
-2.7780823467770847e+148,-2.2057793876331635e+215,-1.9606289978561487e+148
-6.379632584094297e+148,-7.62212934561598e+215,-4.739196217236856e+148
-1.5504814093895134e+149,-2.6575515254325516e+216,-1.1192067934845488e+149
-3.7494398375711383e+149,-8.996637931118548e+216,-2.717544871193909e+149
-8.464709165491156e+149,-3.145758621027633e+217,-6.30962232844072e+149
-1.930625080355121e+150,-1.0647573692820668e+218,-1.384928820104439e+150
-4.586892578224606e+150,-3.657034768508549e+218,-3.0268220513755343e+150
-1.1176985197295908e+151,-1.2692612686549271e+219,-6.902390697553436e+150
-2.635838317302134e+151,-4.4700347271941243e+219,-1.7446326072889293e+151
-6.075399519322727e+151,-1.5489903006174574e+220,-4.0197833509441187e+151
-1.4522392907243716e+152,-5.16869742868359e+220,-9.716739405617428e+151
-3.3453751728280013e+152,-1.8075282336237828e+221,-2.21424794150357e+152
-7.6032628558855e+152,-6.093767487362607e+221,-4.920615957061931e+152
-1.670369850736164e+153,-2.159367468178755e+222,-1.1611832437386735e+153
-3.754274515364868e+153,-7.6538192524555e+222,-2.6957084299447083e+153
-8.236058378918461e+153,-2.6655933501388803e+223,-6.652645765688768e+153
-1.79092415364978e+154,-9.195735681565388e+223,-1.5821910885463808e+154
-4.010139378667366e+154,-3.116088234629616e+224,-3.3989293945752223e+154
-8.611333214269968e+154,-1.077883719999942e+225,-8.516358224764078e+154
-1.9373196726587705e+155,-3.684484244582713e+225,-2.0164087731204976e+155
-4.486834213264527e+155,-1.2353645034477124e+226,-4.470947527240076e+155
-1.0128705046172742e+156,-4.392741860076731e+226,-9.980007409669974e+155
-2.3248943668187487e+156,-1.4965323550945098e+227,-2.2971636419195356e+156
-5.450894064504441e+156,-5.1369086652646995e+227,-5.18169362499137e+156
-1.1678541746666868e+157,-1.7741713589203388e+228,-1.21470280333799e+157
-2.6578522604522668e+157,-6.014849088013277e+228,-2.7483863045217834e+157
-5.84898286884126e+157,-2.0485349295206517e+229,-5.989479635447024e+157
-1.328051207537433e+158,-7.00124150371359e+229,-1.3084051303724008e+158
-2.9422676800925486e+158,-2.4320408736596564e+230,-2.8898905351287034e+158
-6.796965571833328e+158,-8.164750327290671e+230,-6.297005814971357e+158
-1.6237962485443584e+159,-2.7464906437515403e+231,-1.4344100568834126e+159
-3.7286027747799296e+159,-9.312336141432174e+231,-3.153708968752122e+159
-9.283919129524997e+159,-3.1078479500036533e+232,-7.993691382602937e+159
-2.2414398935561658e+160,-1.037495971431129e+233,-1.917799028736284e+160
-5.225453073223613e+160,-3.5489568615126964e+233,-4.644414246670205e+160
-1.3409824783190801e+161,-1.2210969739691711e+234,-1.1725391012828101e+161
-3.304325012074557e+161,-4.295349189637932e+234,-2.7307776336858696e+161
-7.981998717501985e+161,-1.518239117582429e+235,-6.432207418569505e+161
-1.9183337459289333e+162,-5.129407772385613e+235,-1.4558730072204079e+162
-4.469400585973539e+162,-1.7517824852791938e+236,-3.2629436145408332e+162
-1.08857613015629e+163,-6.051867181882721e+236,-7.31583166546083e+162
-2.4875865428140783e+163,-2.129713508450962e+237,-1.6430439019538302e+163
-5.707668165463315e+163,-7.289399790928577e+237,-3.959325988089394e+163
-1.2908799917246984e+164,-2.5492173942772278e+238,-8.795808467812584e+163
-2.9814531441452665e+164,-8.730204835062333e+238,-2.051435257758942e+164
-6.657167833773463e+164,-3.0216507396694978e+239,-4.80147152204174e+164
-1.4147525221824316e+165,-1.0359706733843044e+240,-1.149306070716178e+165
-2.982217823362392e+165,-3.594893560785524e+240,-2.7268816282332882e+165
-6.483325031710248e+165,-1.2538484001431916e+241,-6.603554880230394e+165
-1.383155842396693e+166,-4.3840657836078475e+241,-1.7338609103641368e+166
-3.191168371126845e+166,-1.4785458208051314e+242,-4.1710760620469085e+166
-7.123521385664552e+166,-5.175350468359696e+242,-1.0769594868431172e+167
-1.6712870447162035e+167,-1.754681102892531e+243,-2.673730978263172e+167
-3.782537858396088e+167,-5.847885453879604e+243,-6.704559639037602e+167
-8.336066161938412e+167,-2.0613315878352917e+244,-1.6543033364152122e+168
-1.839346011092212e+168,-6.959356470276819e+244,-3.822249912553879e+168
-3.963461657167038e+168,-2.4282943810698927e+245,-9.112036181932714e+168
-8.996246339411222e+168,-8.437443207799424e+245,-2.1161362826387977e+169
-2.0322815576153e+169,-2.9249465040556944e+246,-5.0551028677668426e+169
-4.4799384308538184e+169,-9.993130993227427e+246,-1.138902197076513e+170
-1.0387065493011706e+170,-3.491263548788893e+247,-2.3889023297320466e+170
-2.5560866886198635e+170,-1.2113927868212516e+248,-5.436193995344081e+170
-6.236274890416808e+170,-4.122873673811133e+248,-1.407464533000312e+171
-1.4597050690426506e+171,-1.4238212328413867e+249,-3.2459407327442706e+171
-3.68442938722251e+171,-4.8936609451853705e+249,-8.654250851009585e+171
-9.206597729497808e+171,-1.73067909699617e+250,-2.1360619923872105e+172
-2.1047472092422594e+172,-6.002382936100747e+250,-5.253689177072352e+172
-5.271719221241792e+172,-2.0523057720078145e+251,-1.2343702513023994e+173
-1.28881546437712e+173,-7.266097219978937e+251,-3.0060232034585794e+173
-3.35967961379051e+173,-2.5289845806421503e+252,-7.914225587822317e+173
-7.963814143043444e+173,-8.744287456665068e+252,-1.883620753693123e+174
-1.8913599669760941e+174,-3.01282728033491e+253,-4.185270930712408e+174
-4.648494598659061e+174,-1.0461931988772306e+254,-9.71772320548839e+174
-1.1047308988445424e+175,-3.7000643576061305e+254,-2.3429719706590454e+175
-2.6644048864174058e+175,-1.275410989721568e+255,-5.307759865876705e+175
-6.2419734537800435e+175,-4.393911838978525e+255,-1.2242627354162362e+176
-1.484300490803468e+176,-1.5281322109315248e+256,-2.7544151332183707e+176
-3.462253010103939e+176,-5.2674238941680375e+256,-6.158981421943711e+176
-8.521137567209351e+176,-1.8104174422328082e+257,-1.5993011166282662e+177
-2.211228710516112e+177,-6.208350845876119e+257,-3.6414226433579013e+177
-5.281266731159123e+177,-2.051572361399679e+258,-7.778502147778492e+177
-1.2447817956193566e+178,-7.157555168891609e+258,-1.6256785427403934e+178
-2.878656782687759e+178,-2.4390623743512863e+259,-3.401980005616456e+178
-7.106631929814513e+178,-8.37487760345699e+259,-7.335332229379628e+178
-1.6010727396545277e+179,-2.8348170187402867e+260,-1.7463690136747233e+179
-3.520054931348587e+179,-9.844102395881582e+260,-3.8503577016349077e+179
-8.223235222668426e+179,-3.36957737301798e+261,-9.076634323835404e+179
-1.9156084037038855e+180,-1.1545559616425854e+262,-2.1098081820010135e+180
-4.4049380052633645e+180,-4.032914563080909e+262,-4.603217927277098e+180
-1.0607951268084814e+181,-1.4066990695872391e+263,-1.1135767163284595e+181
-2.6510533748045727e+181,-4.8381163936528643e+263,-2.4948881075291454e+181
-6.165511002343019e+181,-1.7211688624414564e+264,-6.039677126777112e+181
-1.388911491216299e+182,-5.907633474137104e+264,-1.456376180186081e+182
-3.178258122182412e+182,-2.0641435340656885e+265,-3.47026884221231e+182
-7.975866321475752e+182,-7.093696786933533e+265,-8.05538918529341e+182
-1.8774287689770892e+183,-2.4512357303819892e+266,-1.8151126752935145e+183
-4.2348172885655204e+183,-8.590504020371792e+266,-4.6608641655805105e+183
-9.84234939440528e+183,-2.903757622855232e+267,-1.1040800153237293e+184
-2.2264034343298474e+184,-9.914859385057922e+267,-2.8816792227761527e+184
-5.0807893189592e+184,-3.4135408815046405e+268,-7.262510322585501e+184
-1.2149750956600543e+185,-1.1866046071067387e+269,-1.870080038821578e+185
-2.758881686764366e+185,-3.9782297187189494e+269,-5.140065993662587e+185
-6.365390127929921e+185,-1.3968991419931002e+270,-1.2635037406924289e+186
-1.511971788426188e+186,-4.852469349951211e+270,-3.221597748787411e+186
-3.3264290923012846e+186,-1.6475606519480221e+271,-8.331498678434583e+186
