pso,hgapso,logapso
39381962.71804077,39447628.4142702,39374130.4798759
39152949.94754177,39306790.09809117,39151779.10857107
38799496.18555665,38948545.49865252,38797992.20855373
38279075.8291204,38411503.667597815,38267803.31004008
37557515.05637033,37400889.99445029,37547800.433285676
36610995.150169894,35531993.30424025,36557352.9761339
35353718.03576115,32052462.037145175,35193375.64987336
33552328.011335243,24267679.80289909,33194660.182449568
30548173.54700914,4034247.6497524614,30105353.917028666
25296236.746226232,-19591741.43525988,24661338.590894837
16015872.577584997,-28060225.494984448,14380127.396555588
2710395.19390606,-38823795.94972803,-79730.32970061526
-6669967.2072941195,-195960109.52108365,-12739537.601118581
-10606878.178302914,-859754739.5198219,-20226161.896228056
-14167742.036241878,-3433510270.875823,-25877023.66445625
-21728618.58634808,-12521386766.744083,-28432842.649729203
-70512629.89483736,-48985642892.61267,-78350539.64699158
-266836841.05759674,-195479708875.211,-247633573.57392922
-1058689232.8309046,-675941343657.6781,-941509191.5808039
-3110198002.0362806,-2381659648017.304,-3475573272.6079774
-8824530594.165285,-7889973807716.953,-10051859037.018076
-23307885944.817604,-27218491507403.387,-26944235046.75271
-54934687299.556046,-90404889626439.62,-69896922304.64189
-123232857726.8313,-298071821394612.5,-173342093182.0689
-275029897155.96454,-993583835736164.0,-432933710258.6127
-626255500316.1208,-3261815443213761.5,-1021539084636.4553
-1411125712558.1133,-1.0959793067896604e+16,-2580112429074.302
-3134615050424.3057,-3.729838986602293e+16,-5797431188729.373
-7712206271428.378,-1.3035865173139064e+17,-13907730857349.45
-18582935637949.7,-4.4079186779226925e+17,-31044857333224.98
-43265618214833.125,-1.495269662197201e+18,-71300104892157.88
-109508485551898.25,-5.418074471359594e+18,-166071990171442.2
-261308593398079.94,-1.9133727929865028e+19,-400600763142779.7
-612810631512572.0,-6.51790764890733e+19,-856524901433773.0
-1406146046888459.5,-2.2333361028447286e+20,-1864431982043390.5
-3477061278045907.5,-7.685762455915853e+20,-4260582998057357.5
-8552936153202085.0,-2.602373428984605e+21,-9269831711239610.0
-1.9166675900241772e+16,-8.947052820820594e+21,-2.0515268056530476e+16
-4.360443227857233e+16,-2.9867945596481094e+22,-4.422082521444461e+16
-1.0170599843257565e+17,-1.0033546865200383e+23,-1.0055969625799971e+17
-2.339885127961572e+17,-3.501463580175707e+23,-2.167621676725641e+17
-5.2000025055479635e+17,-1.1683535332429454e+24,-4.6116893090127514e+17
-1.1694412957480778e+18,-4.134932493088296e+24,-1.012117411207706e+18
-2.6111033321354307e+18,-1.4528127691286716e+25,-2.225221543232443e+18
-6.325142381478954e+18,-4.98498679342064e+25,-4.733066183348913e+18
-1.4681615870978986e+19,-1.7369975826809492e+26,-1.0285944991169012e+19
-3.2938423523805934e+19,-5.767023662761179e+26,-2.210563876822224e+19
-7.652535175588482e+19,-1.94650438540021e+27,-4.8492755228193096e+19
-1.713591557323196e+20,-6.542630673271242e+27,-1.030035810537572e+20
-3.934349358102013e+20,-2.2718260243837184e+28,-2.350105463699319e+20
-8.77442262410008e+20,-7.619007846622852e+28,-5.0418358995643774e+20
-1.9560160297826153e+21,-2.5821475530441693e+29,-1.0206674352613758e+21
-4.3167889087634793e+21,-8.676535509077364e+29,-2.1820455715357409e+21
-9.464363715562756e+21,-2.912008798165174e+30,-4.802010413740376e+21
-1.9790265430065017e+22,-9.681139985705997e+30,-1.073494820529802e+22
-4.37500903547505e+22,-3.215193602689234e+31,-2.4338238050268413e+22
-9.559577796746044e+22,-1.0986138060403564e+32,-5.232627405914784e+22
-2.1442994032786493e+23,-3.68270374829901e+32,-1.211825987016052e+23
-4.557908461954723e+23,-1.2700930930752449e+33,-2.7902142281542815e+23
-9.64558173811536e+23,-4.2740422387582495e+33,-6.558701658356579e+23
-2.1334506852911628e+24,-1.4752776096912068e+34,-1.4649123009361968e+24
-4.926447810760147e+24,-4.9117128768137495e+34,-3.399501193876066e+24
-1.1097250745345716e+25,-1.7055330328764692e+35,-7.813541826098053e+24
-2.465015030556142e+25,-5.8926765297957985e+35,-1.730444991168856e+25
-5.505839987778054e+25,-2.0656200177484506e+36,-4.132896699752064e+25
-1.2976904442615363e+26,-7.202536701239199e+36,-9.54114806649368e+25
-3.0318999094833864e+26,-2.502571146666111e+37,-2.2165484603022765e+26
-7.387108202837322e+26,-8.699493720671186e+37,-5.245091702321764e+26
-1.7641424378259976e+27,-3.087949290257297e+38,-1.2226286834985985e+27
-4.1146296151761483e+27,-1.0662853585908224e+39,-2.9113017926326287e+27
-9.707001516770932e+27,-3.720913500195904e+39,-6.772092192580874e+27
-2.1352288876047106e+28,-1.2424753628559959e+40,-1.5772351163013297e+28
-5.094910372960215e+28,-4.2718801656304885e+40,-3.599587907154822e+28
-1.2313771713261529e+29,-1.4431349804057748e+41,-8.556216031044433e+28
-2.670538945677765e+29,-4.781628450600361e+41,-2.0317179688336963e+29
-5.459649111748954e+29,-1.6491639895055946e+42,-4.72211765657161e+29
-1.159067254174317e+30,-5.736475584639488e+42,-1.1307389395673505e+30
-2.3964824387523119e+30,-1.937965471935969e+43,-2.6146658446341686e+30
-5.033241189244402e+30,-6.483998477896111e+43,-6.499329917074692e+30
-1.0861978765309e+31,-2.2384552722702584e+44,-1.4532878010005696e+31
-2.2948986228313106e+31,-7.90110801024169e+44,-3.316638977193979e+31
-5.261914138822575e+31,-2.6182426615135665e+45,-7.546118099622501e+31
-1.195032387640705e+32,-8.95996912763777e+45,-1.7173304848153832e+32
-2.647999981276918e+32,-3.108994003720085e+46,-4.156771240342767e+32
-5.9586517888558134e+32,-1.0649268654763322e+47,-9.534349412852504e+32
-1.4336070941877557e+33,-3.63312524742854e+47,-2.065810105658681e+33
-3.2195110496925885e+33,-1.2260562131335741e+48,-4.5920627156196134e+33
-7.428185170020196e+33,-4.203866625656308e+48,-1.088125043050908e+34
-1.6908943015491764e+34,-1.458692809327172e+49,-2.4637173482382134e+34
-4.225892677281074e+34,-4.836738360923623e+49,-5.663950546822787e+34
-9.872500653452855e+34,-1.6906394874919503e+50,-1.2737107039921962e+35
-2.177913155048345e+35,-5.87474081983816e+50,-2.910186467698161e+35
-5.260236070861889e+35,-2.0202845976499103e+51,-6.326080447498481e+35
-1.2332806369990313e+36,-7.135038477488636e+51,-1.4491074207998966e+36
-2.852534095317771e+36,-2.4729403154264636e+52,-3.357178642421484e+36
-6.446336868163857e+36,-8.317902188834992e+52,-7.935809916153901e+36
-1.4597259632731056e+37,-2.8305622012011224e+53,-1.9341296975905946e+37
-3.1269927923312922e+37,-9.878264804367899e+53,-4.512454937825801e+37
-6.821572754858587e+37,-3.386721434752617e+54,-1.083534296125793e+38
-1.5382879580655496e+38,-1.1854170075811173e+55,-2.510172669906023e+38
-3.281773889587029e+38,-4.1693612314267004e+55,-5.946751034115607e+38
-7.74149216938705e+38,-1.4225526483570338e+56,-1.4853604406921977e+39
-1.8477863376667105e+39,-4.863203266552868e+56,-3.6683489278822997e+39
-4.4990090204821925e+39,-1.6765392860830244e+57,-8.454486569250831e+39
-1.0744861069619419e+40,-5.6546825738769976e+57,-2.0187519253263948e+40
-2.4717421558727145e+40,-1.9207284511077877e+58,-4.748656907970384e+40
-5.438886563642379e+40,-6.680559268039462e+58,-1.0921333032844361e+41
-1.3139470755252315e+41,-2.3230376867488677e+59,-2.3776188188661756e+41
-2.929928524697809e+41,-7.931706261723515e+59,-5.404774519352181e+41
-6.625670898221003e+41,-2.75562761448019e+60,-1.2493386644952766e+42
-1.5096092410824054e+42,-9.615552978480204e+60,-2.9512759995879047e+42
-3.468326439151538e+42,-3.3450774780914934e+61,-6.776130782962537e+42
-8.14788406409023e+42,-1.1502208865970856e+62,-1.5636174291121448e+43
-1.8921701747239971e+43,-3.99132241593946e+62,-3.7274763637098713e+43
-4.419245658122191e+43,-1.4050183397296958e+63,-8.339900898314068e+43
-1.0245702318315676e+44,-4.8756526257629145e+63,-1.861056397020209e+44
-2.2202176376086076e+44,-1.660731688659364e+64,-3.984068140589402e+44
-5.656856651662172e+44,-5.658308467880815e+64,-8.584831946131396e+44
-1.2961211104102626e+45,-1.9343147327749155e+65,-1.9275202202551567e+45
-3.0155072343996377e+45,-6.541376638240704e+65,-4.360458613179399e+45
-6.845048602022891e+45,-2.204378263469192e+66,-9.667532466154655e+45
-1.6321044600208705e+46,-7.539791773957307e+66,-2.2569808234285381e+46
-3.802544220110652e+46,-2.611501660429608e+67,-5.193133873390799e+46
-8.55568972413672e+46,-9.205932123445739e+67,-1.1515773204594115e+47
-2.028432357758455e+47,-3.0628239028483483e+68,-2.690501578643124e+47
-4.9144117300631465e+47,-1.018391689478164e+69,-6.130060630138562e+47
-1.1769896974091636e+48,-3.567220614285852e+69,-1.3576932781416732e+48
-2.754588274272364e+48,-1.2245822702293347e+70,-2.9988742220980357e+48
-6.407394476785728e+48,-4.482331199098544e+70,-6.954543991914685e+48
-1.449728656209161e+49,-1.5065366265499237e+71,-1.5768133685155234e+49
-3.14909127934043e+49,-5.239519357648783e+71,-3.6471527405592297e+49
-7.027287750268806e+49,-1.80677449438744e+72,-8.040648664493346e+49
-1.5333718479343642e+50,-6.147436774772855e+72,-1.759018004893135e+50
-3.427513930595633e+50,-2.1334685205145193e+73,-4.054334795369731e+50
-7.800758513349797e+50,-7.278926743469585e+73,-8.886987661863902e+50
-1.788815413120968e+51,-2.48515700456806e+74,-1.9033060199927854e+51
-4.142407998210605e+51,-8.880588997989825e+74,-4.291293773441647e+51
-9.252638352282063e+51,-3.021676340828888e+75,-9.498891790773512e+51
-2.1936894641424454e+52,-1.0410370470857857e+76,-1.986074310728368e+52
-4.867821121391846e+52,-3.644911591612049e+76,-4.4001876772294264e+52
-1.0647026457524548e+53,-1.253275253483705e+77,-1.0072977936136164e+53
-2.288774288558032e+53,-4.384168032000938e+77,-2.2819232295831e+53
-5.083394181691783e+53,-1.4867911638750146e+78,-5.370819012690175e+53
-1.1094089526588347e+54,-5.161888735642111e+78,-1.1552940060342032e+54
-2.3877073797883364e+54,-1.718032079086573e+79,-2.5720449203433503e+54
-5.390867177652372e+54,-5.892504092437266e+79,-5.910558025225195e+54
-1.2015964766169915e+55,-2.04605402620911e+80,-1.3313140694858106e+55
-2.770180853346181e+55,-7.002002962965334e+80,-3.065939221494074e+55
-6.261092349810598e+55,-2.3453302093740196e+81,-7.288685715268091e+55
-1.4831772666322707e+56,-8.092423553359093e+81,-1.7879596443665673e+56
-3.3209846188530737e+56,-2.765830833984711e+82,-4.234962914532484e+56
-7.594021993396747e+56,-9.726206245951015e+82,-9.548152341538579e+56
-1.7188962603548358e+57,-3.2845269221938117e+83,-2.0472220555251246e+57
-3.888178942822286e+57,-1.1025286671958615e+84,-4.54825153827835e+57
-8.482712856734349e+57,-3.7706396414588235e+84,-1.0271780605526088e+58
-1.8060637916509702e+58,-1.3038203841868364e+85,-2.2893752261522928e+58
-3.926826570231337e+58,-4.3471330052956165e+85,-4.936890649436469e+58
-8.681533573899094e+58,-1.4388749295605639e+86,-1.0931735595110393e+59
-1.9405903961315143e+59,-4.764210565890491e+86,-2.438517019618648e+59
-4.028876732053729e+59,-1.7048560054482218e+87,-5.482875959102363e+59
-8.627152613615859e+59,-5.697204871071013e+87,-1.1739378376404666e+60
-1.873857109586119e+60,-1.9832591030024297e+88,-2.532917116804823e+60
-3.9894037651354534e+60,-7.068918314218977e+88,-5.653556442771026e+60
-8.980246381029139e+60,-2.385036010087739e+89,-1.2958380167591498e+61
-1.915490431594403e+61,-8.274427224333076e+89,-2.8800727240744596e+61
-4.5126647508832196e+61,-2.8360962403186407e+90,-6.470107987282982e+61
-1.0105955945421018e+62,-1.0065647675311567e+91,-1.4620691904296314e+62
-2.507138395678421e+62,-3.460351346060254e+91,-3.106189889615143e+62
-5.515239225661268e+62,-1.1783958446162499e+92,-7.117308213760912e+62
-1.265939820277763e+63,-4.1252336623690555e+92,-1.5892812608800154e+63
-2.8489362268791656e+63,-1.3863630867607754e+93,-3.5413795717625126e+63
-6.41148339991916e+63,-4.586617739490547e+93,-7.905277973644805e+63
-1.377913348534447e+64,-1.5570474240039552e+94,-1.850931042315207e+64
-2.9041216157526894e+64,-5.4077331685202785e+94,-4.303034559806987e+64
-6.6924837063899e+64,-1.8906966102621737e+95,-9.736319153697333e+64
-1.5627787502778553e+65,-6.234643703196697e+95,-2.227922944438423e+65
-3.34885356075151e+65,-2.2138556902510287e+96,-5.201080464361597e+65
-7.337150584267088e+65,-7.593831153353276e+96,-1.1956984924931362e+66
-1.586977542598527e+66,-2.5584456897039637e+97,-2.6328194514924804e+66
-3.386973799028385e+66,-8.98840211218321e+97,-6.181363136387804e+66
-7.269940048939429e+66,-3.113145533959968e+98,-1.3809783245986527e+67
-1.59233798760485e+67,-1.105164447294644e+99,-3.123248329050536e+67
-3.5269083148827804e+67,-3.8007380325457836e+99,-6.740674375085754e+67
-1.0173279637712567e+68,-1.3276015075388615e+100,-1.3945502960103035e+68
-2.3634320268760494e+68,-4.637941242403457e+100,-3.2236364039546094e+68
-5.6813817036815e+68,-1.5473949274641762e+101,-7.284738959706111e+68
-1.4380967524454026e+69,-5.2479500747041716e+101,-1.6118446105652758e+69
-3.2334504384142043e+69,-1.7670897819387376e+102,-3.639020061775982e+69
-7.82028811103868e+69,-5.99651569317229e+102,-8.301463720620392e+69
-1.877986284673896e+70,-2.1197085454695304e+103,-1.944210849399289e+70
-4.504873238791138e+70,-7.268414601248989e+103,-4.551204862533249e+70
-9.9158075308568e+70,-2.4843640829844446e+104,-1.0388018348626706e+71
-2.3598969722749645e+71,-8.399141319874768e+104,-2.3282280582253205e+71
-5.415948612828153e+71,-2.864631234094083e+105,-5.225050123913069e+71
-1.294610322534934e+72,-9.930484556871074e+105,-1.0970443069685744e+72
-2.961540410150059e+72,-3.482390213947468e+106,-2.5995047132505815e+72
-7.214464701856177e+72,-1.1700835154474273e+107,-6.165178371366253e+72
-1.6998826720005747e+73,-3.909576464190934e+107,-1.352580645843425e+73
-3.8232325680527024e+73,-1.3000243768687767e+108,-3.093566263258817e+73
-8.868543452242792e+73,-4.535574879332183e+108,-6.777986080785509e+73
-1.9796282073370523e+74,-1.590961332100817e+109,-1.4990324098703918e+74
-4.540740149911738e+74,-5.418693338518746e+109,-3.3588326542303965e+74
-1.0556625477714077e+75,-1.82637932110887e+110,-7.663596411624526e+74
-2.3670584340781556e+75,-6.419893509623914e+110,-1.739231499764982e+75
-5.2225897579474165e+75,-2.2130212246444806e+111,-3.8092095965710644e+75
-1.1568169790189346e+76,-7.779415665056177e+111,-8.36298597234307e+75
-2.5131475327072477e+76,-2.713301076403582e+112,-2.031689386213569e+76
-5.3917268803984097e+76,-9.380416637321327e+112,-5.202350313087186e+76
-1.1827549034017217e+77,-3.26242641196745e+113,-1.2431576449182299e+77
-2.7727160704122016e+77,-1.1077521647029322e+114,-3.006340093048575e+77
-6.347075315400646e+77,-3.871788760656006e+114,-7.675033368348433e+77
-1.3927030616374065e+78,-1.3103318978831492e+115,-1.8759169284471135e+78
-3.0589958608911e+78,-4.455109328336588e+115,-4.3257859370582215e+78
-6.71040608616009e+78,-1.4925728447715776e+116,-1.0664254102179508e+79
-1.4630831296440275e+79,-5.270826440651337e+116,-2.414852616060748e+79
-3.1469147947128684e+79,-1.8854348104963947e+117,-5.554442482388269e+79
-6.873251698742336e+79,-6.505923724230584e+117,-1.2168629173439765e+80
-1.4707522931291995e+80,-2.233207491036811e+118,-2.8620646912871276e+80
-3.365375864732842e+80,-7.749116504476456e+118,-6.905933331196087e+80
-7.264212905406662e+80,-2.6931102998506066e+119,-1.5306963168134102e+81
-1.5926754768979016e+81,-9.255066480674121e+119,-3.7892950856634174e+81
-3.614029832495859e+81,-3.0261421838260667e+120,-9.33893958176208e+81
-8.227110522440596e+81,-1.0475433183946176e+121,-2.2256996647518753e+82
-1.8159806659853305e+82,-3.6328028445659574e+121,-5.0505174455080614e+82
-4.592830200414222e+82,-1.2619734836510587e+122,-1.1839252850690047e+83
-1.1711718703973587e+83,-4.4449758180481956e+122,-2.7838034030507574e+83
-3.051241866705101e+83,-1.4977688181059487e+123,-6.257527389109987e+83
-7.271613581886434e+83,-5.2173396005077217e+123,-1.5521583164891965e+84
-1.6996012788826334e+84,-1.8049999601897264e+124,-3.4347199270429695e+84
-4.0890602194498645e+84,-6.355058143279497e+124,-8.2003919766593e+84
-9.395228599094228e+84,-2.2020967878048676e+125,-1.8894201334536425e+85
-2.058421287355772e+85,-7.50552600520481e+125,-4.257675046845594e+85
-4.639513954889369e+85,-2.5320923922136836e+126,-9.552454779659389e+85
-1.094245301182179e+86,-8.678306998356182e+126,-2.1472640285543973e+86
-2.4143684829837337e+86,-2.9883434037466237e+127,-4.647800121566405e+86
-5.564940594963189e+86,-1.0122358531251252e+128,-9.849456136850519e+86
-1.2262026885093163e+87,-3.377903746297156e+128,-2.343474666523435e+87
-2.8347474919337665e+87,-1.149588126476558e+129,-5.492389290477543e+87
-6.2404018913024195e+87,-4.0112671284470964e+129,-1.239865670354815e+88
-1.4923303369374576e+88,-1.367407627553724e+130,-3.041062305672283e+88
-3.546277112354647e+88,-4.783831695210217e+130,-7.247164871755591e+88
-8.088519388326562e+88,-1.6839423171334564e+131,-1.8050352763851958e+89
-1.9838929832480796e+89,-5.85289119224408e+131,-4.1648363140967467e+89
-4.655759077345316e+89,-1.9955179431005122e+132,-9.592282191761134e+89
-1.0506133082976787e+90,-7.015252003522138e+132,-2.4239927087376795e+90
-2.572977558717582e+90,-2.3442511578832897e+133,-5.814186933843481e+90
-5.99650644678895e+90,-8.051555256277181e+133,-1.40482304664739e+91
-1.3901323264003633e+91,-2.7480607970489324e+134,-3.357896855798552e+91
-3.0702036878906512e+91,-9.52212392533938e+134,-7.772048105677446e+91
-6.746028598014476e+91,-3.307733052550112e+135,-1.8678009482362334e+92
-1.4831613774202776e+92,-1.1259857015934549e+136,-4.217561549328414e+92
-3.2819979138335626e+92,-3.808300787703792e+136,-9.340761301789289e+92
-7.757371335448333e+92,-1.330028783558996e+137,-2.144286791668957e+93
-1.8832447982589175e+93,-4.6771671326239e+137,-5.399317250307957e+93
-4.207158400419647e+93,-1.618110816971893e+138,-1.279373162503412e+94
-1.0238433024809437e+94,-5.433583181997303e+138,-2.94018251011397e+94
-2.31251124257829e+94,-1.938566021524783e+139,-7.12622719526151e+94
-5.326965297259267e+94,-6.582224312284752e+139,-1.7035171889709683e+95
-1.2277036522904969e+95,-2.2683047186514962e+140,-4.185433746399759e+95
-2.775672920436767e+95,-7.896127409598502e+140,-9.877604925184132e+95
-6.63524700130846e+95,-2.8360574979233533e+141,-2.220680759136227e+96
-1.4852339731970843e+96,-9.902485552410658e+141,-4.864107864369174e+96
-3.384717374029509e+96,-3.353738983405216e+142,-1.0666741983346162e+97
-7.942917308797565e+96,-1.1866487205849986e+143,-2.308392102986493e+97
-1.895018765270879e+97,-3.9865460550475905e+143,-5.632276905107723e+97
-4.37802921820088e+97,-1.4344058039363293e+144,-1.3129753367855108e+98
-1.11486822059915e+98,-5.032528452536943e+144,-2.8200623574150716e+98
-2.6003208407028648e+98,-1.7373980865614773e+145,-6.145667788514272e+98
-6.699992830736715e+98,-5.993298090735716e+145,-1.4762936991731151e+99
-1.5587182111260623e+99,-2.071923000308765e+146,-3.2586840020224287e+99
-3.8684267202137157e+99,-7.100082614512776e+146,-7.237637079163725e+99
-9.246502647197389e+99,-2.4326419286055633e+147,-1.7124339939488621e+100
-2.1727312740771295e+100,-8.15744062348099e+147,-3.97118511656477e+100
-5.120980834988457e+100,-2.8134750127503453e+148,-9.004110831874163e+100
-1.210797931296391e+101,-9.759811717926392e+148,-2.137423555517286e+101
-2.6445197024004298e+101,-3.2640771216003155e+149,-5.0452109537460055e+101
-6.207035132383293e+101,-1.1131127145440457e+150,-1.1022401190230356e+102
-1.3302292713556202e+102,-3.822617825381725e+150,-2.552676907798394e+102
-2.889448784980904e+102,-1.3028931353515392e+151,-6.376768875979106e+102
-6.135415798970434e+102,-4.4468933034042913e+151,-1.5624226740580424e+103
-1.2963908628320786e+103,-1.5382022090813873e+152,-3.786631155414345e+103
-2.788285595251662e+103,-5.579900022770514e+152,-8.806816274355636e+103
-6.039661255753606e+103,-1.916051279254481e+153,-2.0018989404347197e+104
-1.3672815748840753e+104,-6.647902513240368e+153,-4.781152439767677e+104
-3.148129167734439e+104,-2.2806614428262186e+154,-1.0823813431776159e+105
-7.529052759650378e+104,-7.668642864603172e+154,-2.603918684240651e+105
-1.8224864590474656e+105,-2.6546788627733247e+155,-5.955574595487229e+105
-4.18965259758312e+105,-9.238823717968907e+155,-1.5657289866930132e+106
-1.1112943384899862e+106,-3.0917178564477125e+156,-3.684806429887294e+106
-2.555288745524684e+106,-1.062615316550678e+157,-9.009411405468643e+106
-5.954445515213373e+106,-3.711107348061242e+157,-2.073711733141822e+107
-1.3561071912410011e+107,-1.2323581749982395e+158,-4.962241839354111e+107
-3.164737538158174e+107,-4.3075912474802065e+158,-1.110081469057898e+108
-7.180495056795385e+107,-1.4633345264749592e+159,-2.426670110959092e+108
-1.616344521194938e+108,-5.162920911724152e+159,-5.439316616083168e+108
-3.528060512347239e+108,-1.7973906639137738e+160,-1.2609894082630664e+109
-7.726023773200274e+108,-6.190237076784591e+160,-2.792790604692248e+109
-1.7746406520485314e+109,-2.156923150023578e+161,-6.266574329152327e+109
-4.107825262758e+109,-7.547953926339943e+161,-1.3938769883136203e+110
-9.517890548570899e+109,-2.6508797669472706e+162,-3.0044679299834322e+110
-2.2467719983751427e+110,-9.371730967684546e+162,-6.229647864474717e+110
-5.1388613912826144e+110,-3.1975227041458905e+163,-1.3553787974315872e+111
-1.278277968584487e+111,-1.0310455520556904e+164,-2.9486871408028195e+111
-2.788917197687149e+111,-3.5453010809624687e+164,-6.288203696990507e+111
-5.649071924035695e+111,-1.220702595633249e+165,-1.441018418930129e+112
-1.254650392860696e+112,-4.16901363820219e+165,-3.188799537912889e+112
-3.2078606389335977e+112,-1.3875060693410727e+166,-6.94076224081122e+112
-7.311441270579689e+112,-4.900884887402379e+166,-1.4850437750723405e+113
-1.595306781244695e+113,-1.6628623718806601e+167,-4.197985775506903e+113
-3.5013970960597394e+113,-5.8515997862509e+167,-1.041885189664625e+114
-7.478618480369528e+113,-2.09641397827719e+168,-2.4872217099901653e+114
-1.6940121826941273e+114,-7.218165885046824e+168,-5.77337049210395e+114
-3.674259662643846e+114,-2.5368277620834916e+169,-1.4105017775082342e+115
-7.708937490763866e+114,-9.1506964671144e+169,-3.52218326317495e+115
-1.7165649636348601e+115,-3.2495177332482093e+170,-7.89018463557558e+115
-4.061441478249618e+115,-1.124930473528191e+171,-1.8004275636133483e+116
-9.048128564097897e+115,-4.006275027427989e+171,-4.2734599059818594e+116
-1.956531724065423e+116,-1.365260131208189e+172,-1.0536236191618309e+117
-4.2496768817172256e+116,-4.8118841267576794e+172,-2.708458268396073e+117
-9.137723442297771e+116,-1.6172775953198627e+173,-6.845223410761196e+117
-1.9542338876653578e+117,-5.536538739973674e+173,-1.6901188236095894e+118
-4.420167053872661e+117,-1.8698194910697583e+174,-3.93311190655338e+118
-1.0199525690975526e+118,-6.28619502639725e+174,-9.368223956214128e+118
-2.419527500718736e+118,-2.1351062287421182e+175,-2.2171896160006246e+119
-5.466068765317495e+118,-7.210445721830609e+175,-4.827306980657374e+119
-1.2613198515237405e+119,-2.4879778737892282e+176,-1.056911135457643e+120
-2.939528247599716e+119,-8.456528782894708e+176,-2.373759551036544e+120
-6.60181185964834e+119,-3.0054928393459582e+177,-5.626554821866511e+120
-1.485101776720985e+120,-1.0172051480587054e+178,-1.2250266084806544e+121
-3.264506576516171e+120,-3.5974347554794996e+178,-2.732762973608835e+121
-7.36774327781832e+120,-1.2447989640197522e+179,-6.3820291169217055e+121
-1.6268442488622875e+121,-4.260386964013659e+179,-1.4103937029265602e+122
-3.701287289463897e+121,-1.4664151176703656e+180,-3.44774624033838e+122
-8.358497430834871e+121,-5.053480783663283e+180,-7.871634624288839e+122
-2.0063402697498786e+122,-1.7491066617116925e+181,-1.7979742253867307e+123
-4.3626385014555734e+122,-6.039784494371337e+181,-4.738666619506667e+123
-9.55843754911021e+122,-2.1318593791402395e+182,-1.1426079419862713e+124
-2.0294454509742267e+123,-7.38409249802842e+182,-2.8153338401996584e+124
-4.6399248808414774e+123,-2.6133039490673538e+183,-6.781554250771529e+124
-1.0485092547941304e+124,-8.567438049490574e+183,-1.4925582359530553e+125
-2.5194963484753934e+124,-2.9641165118902715e+184,-3.3358853725017684e+125
-5.69803163775921e+124,-1.0458063429047761e+185,-7.070250816748505e+125
-1.227191565323105e+125,-3.603217881093277e+185,-1.615046416696673e+126
-3.068409764268884e+125,-1.2796828065781864e+186,-3.634849371746379e+126
-7.222616251445389e+125,-4.44337315479406e+186,-9.056890857340121e+126
-1.7599240552146062e+126,-1.5194239513717634e+187,-2.2244925426449783e+127
-4.100819722321219e+126,-5.0159716436296465e+187,-5.250486953215177e+127
-9.271792537546345e+126,-1.670294147798893e+188,-1.1914132472585502e+128
-2.1288860422450654e+127,-5.587666806159376e+188,-3.0393372678598797e+128
-4.746526953642985e+127,-2.0115187827933964e+189,-6.716112497587758e+128
-1.1794146361763224e+128,-6.78938990696941e+189,-1.5085110200042135e+129
-2.7497071575897453e+128,-2.349401791622368e+190,-3.476326321442521e+129
-6.441775085639692e+128,-7.900236765590624e+190,-7.445397800574088e+129
-1.580424526314271e+129,-2.745900231441641e+191,-1.7563841794640478e+130
-3.683023667660512e+129,-9.526253022474545e+191,-4.550348800781133e+130
-8.811211833180338e+129,-3.2851277291371464e+192,-1.09928544934697e+131
-1.959698318552735e+130,-1.1781333680829411e+193,-2.7490552215824428e+131
-4.531223119980356e+130,-4.062209684407911e+193,-6.799760650596098e+131
-1.0328661963353298e+131,-1.4224710494564857e+194,-1.5977143843860902e+132
-2.5172170394974632e+131,-5.0979595887047697e+194,-3.619937986625059e+132
-5.817783277935964e+131,-1.7818255952621018e+195,-8.11260628297128e+132
-1.3487729515654484e+132,-6.04595324777555e+195,-1.8931863607032926e+133
-3.4879670431580206e+132,-2.069278936938995e+196,-4.4026080478521643e+133
-8.773134813779637e+132,-7.098754044898212e+196,-9.780255797947726e+133
-2.1246372171471713e+133,-2.4566815060283028e+197,-2.2603068716318793e+134
-5.224006518383067e+133,-8.690661070326514e+197,-4.874462766468488e+134
-1.2140463041857047e+134,-2.9474950784273085e+198,-1.0873215571191312e+135
-2.9412227956328453e+134,-1.0244078569245336e+199,-2.3210176684547825e+135
-6.759937140304951e+134,-3.433792767395169e+199,-5.016913914912884e+135
-1.766024803917801e+135,-1.1795959472324453e+200,-1.0962325012673443e+136
-4.559264452250776e+135,-4.2018983892179355e+200,-2.815509519885434e+136
-1.1460647478887008e+136,-1.441706242395466e+201,-6.746962080878063e+136
-2.7371522013567146e+136,-5.06727338917333e+201,-1.4947165716816906e+137
-6.726024131971254e+136,-1.7488515254226694e+202,-3.6001984642042456e+137
-1.5973250063968252e+137,-6.030130498155442e+202,-8.410773008577431e+137
-3.522079991402692e+137,-2.1090043699108556e+203,-1.9293223632537793e+138
-8.148149201512456e+137,-7.246853660851329e+203,-4.28079621684284e+138
-1.8348653733649127e+138,-2.367755950590671e+204,-9.647921783807659e+138
-4.2287447557526566e+138,-8.23878490584243e+204,-2.1021735124193017e+139
-9.419078406410459e+138,-2.8305323129128823e+205,-4.972022467648086e+139
-2.2542692304230033e+139,-9.54155142071814e+205,-1.104147030196795e+140
-5.05935498525569e+139,-3.227301814968683e+206,-2.451963338149338e+140
-1.1668168653518895e+140,-1.0784536715740988e+207,-5.432169780826727e+140
-2.7844258807979104e+140,-3.753939577241089e+207,-1.2525513426686639e+141
-7.056392177320197e+140,-1.3183207012857792e+208,-2.8468520974553468e+141
-1.6805776244172164e+141,-4.44282432305684e+208,-6.528540820317042e+141
-3.579144026568291e+141,-1.5353431656378115e+209,-1.5480183509193281e+142
-8.321634621561487e+141,-5.456357741335408e+209,-3.538509021162484e+142
-1.8934909065818604e+142,-1.850162381077785e+210,-8.121863455877431e+142
-4.568936230855012e+142,-6.636528184471299e+210,-1.8692595252332678e+143
-1.0629273717580267e+143,-2.3501069515293165e+211,-4.031423771982829e+143
-2.4956954581905384e+143,-8.052698227405664e+211,-9.238167058014335e+143
-6.129148225257762e+143,-2.824959663700615e+212,-1.9635968876940292e+144
-1.3878162279853325e+144,-1.017800513498033e+213,-4.5539214245319875e+144
-3.177825503753894e+144,-3.482686596958761e+213,-1.0225838941300456e+145
-7.647166119549292e+144,-1.218563549091768e+214,-2.1671749353733869e+145
-1.701113955403821e+145,-4.342727023979868e+214,-5.066405937852824e+145
-4.0894922306192387e+145,-1.463412934089853e+215,-1.2216154982438676e+146
-9.231284091554525e+145,-5.174857370375725e+215,-2.792712545179791e+146
-2.1141752189442646e+146,-1.8123966685587043e+216,-6.345099643151631e+146
-4.669856913256551e+146,-6.219611034032819e+216,-1.4085403311531645e+147
-1.0317487328709196e+147,-2.1139555414750763e+217,-3.64105992068628e+147
-2.253096782513396e+147,-7.417061532933618e+217,-8.135813910722698e+147
-4.669152525834551e+147,-2.6298672544208326e+218,-1.9502680208875434e+148
-9.792423337415559e+147,-9.272120888269416e+218,-4.279035218024811e+148
-2.1061122985678506e+148,-3.2235629059915733e+219,-9.436521635731618e+148
-4.3094305517856007e+148,-1.0899287127212138e+220,-2.1574821924756403e+149
-9.586995635372969e+148,-3.7218232187178056e+220,-5.000687238088771e+149
-2.0741735405217625e+149,-1.2505385093410117e+221,-1.2813651330005307e+150
-4.539281827771664e+149,-4.178779201391787e+221,-3.0862423697077816e+150
-1.1615288813293569e+150,-1.4283313548773302e+222,-7.332289640783976e+150
-2.6547510899206874e+150,-4.9803362290451204e+222,-1.5632424964772765e+151
-5.970739125626531e+150,-1.6544798464070735e+223,-3.5110616527199145e+151
-1.407240285204893e+151,-5.726625464214417e+223,-8.636661481813477e+151
-3.4514416778125535e+151,-1.98508045176334e+224,-1.9811186959702695e+152
-8.525359761229726e+151,-7.060068854291299e+224,-4.649917299981347e+152
-1.9253999213711872e+152,-2.4188767056354085e+225,-1.0377769893352397e+153
-4.477341542770744e+152,-8.192198527619841e+225,-2.373230160788573e+153
-1.0256059227588146e+153,-2.9062898338195857e+226,-5.544750665731963e+153
-2.2917552633291193e+153,-9.897709993889745e+226,-1.2584986489600736e+154
-5.064150086750043e+153,-3.232162433534758e+227,-2.873382221101927e+154
-1.1157838720067693e+154,-1.1181463804784189e+228,-6.398690486534389e+154
-2.6240256175567622e+154,-3.650461952494829e+228,-1.434855497600807e+155
-5.95082022006337e+154,-1.196439269215509e+229,-3.067987783636275e+155
-1.3503112138486612e+155,-4.168099676223514e+229,-6.3952296275724745e+155
-3.2871374598550663e+155,-1.464883211663444e+230,-1.390617367717219e+156
-7.314249275062203e+155,-4.920512018101589e+230,-2.8403052960927897e+156
-1.7157477721513369e+156,-1.686273157586466e+231,-6.149039443265429e+156
-3.9839534811552795e+156,-5.757456317679591e+231,-1.5360076040194404e+157
-9.421758262040348e+156,-2.0124435744547584e+232,-3.467807632276391e+157
-2.077881715434682e+157,-6.92787443395199e+232,-8.019476220200058e+157
-4.57828794663259e+157,-2.3831184949066895e+233,-1.8465040055758365e+158
-1.0337791544397355e+158,-7.714418181023152e+233,-4.421900597150448e+158
-2.323738606084357e+158,-2.7237692147896984e+234,-1.0157351816951004e+159
-5.054324776443515e+158,-9.585235457163941e+234,-2.5033849176940875e+159
-1.1814967501866612e+159,-3.241231501932747e+235,-5.7368124560082406e+159
-2.6169809200193247e+159,-1.11427827464058e+236,-1.28996668667623e+160
-5.629146273449743e+159,-3.791336444268652e+236,-2.755702147531226e+160
-1.2670823387279875e+160,-1.3214660747546126e+237,-6.598414128935327e+160
-2.862137401339933e+160,-4.7162365355959004e+237,-1.4822703139447703e+161
-6.474513596224664e+160,-1.625776940818624e+238,-3.6161799328303554e+161
-1.4394566310206536e+161,-6.418705649596016e+238,-9.050988191166687e+161
-3.364953030857651e+161,-2.2451789519452564e+239,-2.171362343001421e+162
-7.448416027504789e+161,-7.733412131830554e+239,-5.6278467786435975e+162
-1.7030781645182448e+162,-2.746381034191528e+240,-1.245579498250869e+163
-3.860502282111255e+162,-9.352420857420382e+240,-2.7567202017002456e+163
-8.200342488711336e+162,-3.287689011520661e+241,-5.827658567833565e+163
-1.88767603655998e+163,-1.1543263504736361e+242,-1.2849530657848258e+164
-4.471416829420998e+163,-3.845085210443277e+242,-3.017518557614195e+164
-9.876744259677072e+163,-1.3549905040831186e+243,-6.709834710920879e+164
-2.3344690207482414e+164,-4.564883596425879e+243,-1.5712130441021713e+165
-5.493874748086292e+164,-1.605868951171323e+244,-3.417748793603261e+165
-1.235997492467512e+165,-5.650801900757312e+244,-8.199024612605966e+165
-2.9446098567787062e+165,-1.8488347122980876e+245,-1.9729207473644398e+166
-6.7871650957832695e+165,-5.972841483171582e+245,-4.7196292337256196e+166
-1.5267617579752877e+166,-2.0701881638544214e+246,-1.0455565886914687e+167
-3.457284911561983e+166,-7.216395768427976e+246,-2.3937649746101414e+167
-7.344876784819042e+166,-2.5246542865722096e+247,-5.363888854053336e+167
-1.7491388688046128e+167,-8.249829387545237e+247,-1.2181561576783922e+168
-3.858604930004435e+167,-2.913258843427848e+248,-2.5354850364871927e+168
-8.852010613381121e+167,-9.674080778705993e+248,-5.525848199886499e+168
-2.01971559306017e+168,-3.3052993607863852e+249,-1.251227311057321e+169
-4.4542567664791805e+168,-1.0734389072359369e+250,-2.8748918689918737e+169
-1.0343364624741789e+169,-3.6447435256078774e+250,-6.88715216192886e+169
-2.2048884593051282e+169,-1.215810093848459e+251,-1.522372539411082e+170
-5.082448110631876e+169,-4.280098687495931e+251,-3.367330274581931e+170
-1.1058891411449406e+170,-1.5123898829745358e+252,-7.338825067307273e+170
-2.3203208023082342e+170,-5.34329290616816e+252,-1.8418583968629924e+171
-5.24635255942098e+170,-1.846970180188944e+253,-4.500329439212405e+171
-1.160566703546261e+171,-6.433273258518483e+253,-1.0843393538894643e+172
-2.6941221339307963e+171,-2.2139291471046982e+254,-2.610347078088328e+172
-6.1881973290049054e+171,-7.393131454257353e+254,-5.951422550916816e+172
-1.4517765689047802e+172,-2.654121867787228e+255,-1.3465135568755842e+173
-3.366440103810296e+172,-9.258783100560346e+255,-2.989945145933713e+173
-7.515258693101463e+172,-3.131380626958948e+256,-6.27090835667816e+173
-1.7712617907888457e+173,-1.1156217517785153e+257,-1.3339764280329627e+174
-4.064536984757492e+173,-3.6511925958909806e+257,-3.0409816693239967e+174
-9.290516207067986e+173,-1.231869337341746e+258,-6.923441937653238e+174
-2.1221669260173474e+174,-4.403185626045679e+258,-1.5422574933578208e+175
-4.901382116826415e+174,-1.5107521431270274e+259,-3.5587970615764644e+175
-1.086120530533998e+175,-5.332782773467208e+259,-8.21034409038142e+175
-2.5028364790560487e+175,-1.7526051333921743e+260,-1.9654458920858316e+176
-5.385205466335632e+175,-5.909763381511997e+260,-5.045368015120178e+176
-1.2238573461859861e+176,-1.985251089142068e+261,-1.1466305592567562e+177
-2.8610609606259416e+176,-6.645206160724342e+261,-2.7523753137817975e+177
-6.421241438502211e+176,-2.2915760799902976e+262,-6.570674014922924e+177
-1.545774744337598e+177,-7.898149175948936e+262,-1.493342178970479e+178
-3.427678459234743e+177,-2.67497900811055e+263,-3.573399043314286e+178
-7.458463701808317e+177,-9.28226252597782e+263,-8.002939666479244e+178
-1.7148279251527915e+178,-3.289229077564555e+264,-1.7530522154867128e+179
-3.845637135852428e+178,-1.1553481903250826e+265,-4.012223969637399e+179
-8.485961911665891e+178,-4.006741134318293e+265,-8.852962802641135e+179
-1.8784509186604097e+179,-1.4354954275914966e+266,-1.9670885902100434e+180
-4.108368663388375e+179,-5.149323148373942e+266,-4.793591828309078e+180
-9.043964996617905e+179,-1.7393380151918353e+267,-1.0749635727959835e+181
-1.9891145321721832e+180,-6.152906002987398e+267,-2.484253522853429e+181
-5.043941272909539e+180,-2.0975571106470855e+268,-5.951550581937082e+181
-1.1814133168820248e+181,-7.355082338826597e+268,-1.3945620097981984e+182
-2.5182047175282455e+181,-2.4566073877426903e+269,-3.0095519668246134e+182
-5.614150242121053e+181,-8.522456165609065e+269,-6.997768621761276e+182
