pso,hgapso,logapso
535.0299280246447,683.4330970194659,551.3829442462707
-1931.9883101986172,-1079.5737660084656,-1993.6464551797173
-4403.243123272528,-3821.370088567609,-3801.507554185573
-6283.272290599115,-4860.579195282149,-4401.314618873259
-9317.013842721888,-10887.30541526843,-6939.9020919491595
-13980.92481174983,-22637.699085621793,-10370.456741644248
-23708.289302545127,-52864.83264079221,-16756.370945340976
-40957.83793329742,-118254.39461636597,-32777.775822382726
-77959.8085015373,-344307.33561372734,-63256.67569427844
-152893.66948692227,-819461.201528814,-129504.26798829227
-319309.17563393916,-2101218.213734707,-259552.16757574686
-650306.1491047352,-5351290.621556608,-495067.1682135159
-1282958.0073948507,-13637154.512837116,-1005222.0926135683
-2423854.9728050316,-40506648.81114608,-1823855.7380987455
-4555585.412227874,-122565573.24086742,-3345121.7993040304
-8447219.209368883,-337571992.68062115,-5818847.414342719
-14100983.276045028,-980401432.037125,-9854524.338066997
-24181944.35844841,-2857508232.118949,-17315027.563880436
-42131120.60692696,-8528017345.265485,-31360575.041461237
-74187248.60835166,-25012551363.803154,-58432132.98422854
-141253780.92916933,-79633998587.24403,-122054923.12550452
-270677448.3782248,-262683321032.16138,-238139771.5993081
-557610377.1156411,-794410992693.7871,-462084977.70807374
-1175105006.3002846,-2618430934059.861,-909953096.1202074
-2548624097.341308,-8328549554650.807,-1858802337.1783154
-5166921759.204105,-26199465521544.184,-3625344313.5456376
-11600958010.93658,-89750292638198.92,-7332485952.904951
-25389251741.182777,-277160130044274.94,-15273333454.74624
-60280762340.323425,-871093175001989.8,-28492086096.1298
-144626421021.39487,-2964911319929318.0,-59819027185.73425
-326524052892.5834,-9683147098390772.0,-118582443215.98123
-749740519332.9103,-3.2004880410120536e+16,-243602350813.5003
-1735682172407.6023,-1.0105169524927477e+17,-468194573076.22595
-3779823829125.9478,-3.509242089420046e+17,-925574631712.1301
-7871685214721.119,-1.2275562404260582e+18,-1997540853177.4714
-17490722834613.66,-4.142488062998066e+18,-4180036729908.7017
-37834684794121.62,-1.447230163893354e+19,-9428826178179.988
-79116279239338.44,-4.904770112737492e+19,-22172809019893.008
-171779925579401.16,-1.700256471472134e+20,-49139211867396.17
-377400505595333.7,-6.184296519558848e+20,-116842642162628.67
-884812886775719.1,-2.1140227620244223e+21,-271550138532601.94
-2066492321805132.8,-7.227194978041922e+21,-634079661976719.8
-4515350741932889.0,-2.5842109832377924e+22,-1555557122341061.8
-1.0182612329839684e+16,-8.537615959973618e+22,-3709775046492493.0
-2.1559725149567212e+16,-2.9785094890418053e+23,-9181281633594640.0
-4.957064489608868e+16,-1.0250265856873543e+24,-2.3414197294871464e+16
-1.0673775476755557e+17,-3.804051515492146e+24,-5.509405701405156e+16
-2.2887884922883667e+17,-1.2525619534298461e+25,-1.2751517558669603e+17
-4.9291424050696666e+17,-4.25967377116431e+25,-2.736647662354306e+17
-1.0274206628954532e+18,-1.5100574216737578e+26,-6.006175524543282e+17
-2.1378377194022715e+18,-5.091563524495387e+26,-1.5123716426371868e+18
-4.83203930919639e+18,-1.7603266759993845e+27,-3.353195583646353e+18
-9.908005334627066e+18,-5.935707564714053e+27,-7.231339203386462e+18
-2.1329470421760406e+19,-2.0493613900521788e+28,-1.8237619189309889e+19
-4.5424992523257135e+19,-7.167462097306048e+28,-3.981624735768855e+19
-9.633107244981703e+19,-2.5158023980637595e+29,-9.007155588769022e+19
-2.02945090505882e+20,-8.858477775122346e+29,-2.085238640772189e+20
-4.4979040399895744e+20,-3.095574331513799e+30,-4.852563194462138e+20
-9.986670570378539e+20,-9.975323297282731e+30,-1.0602231693880792e+21
-2.2183794256993237e+21,-3.459488876380521e+31,-2.2677657147342987e+21
-4.83690850705129e+21,-1.2078153907976152e+32,-4.6408193514454364e+21
-1.0668826904910235e+22,-5.04449933918692e+32,-9.744163178060764e+21
-2.4622779242311754e+22,-1.727488988899173e+33,-2.048992634328328e+22
-5.471107959631269e+22,-6.274124305525464e+33,-4.121343545335236e+22
-1.1931130446619086e+23,-2.2173202764410254e+34,-8.676838047272653e+22
-2.6906564953309396e+23,-7.633615052700973e+34,-1.8427346579282695e+23
-5.979734430806941e+23,-2.7687082755493814e+35,-4.027789115391443e+23
-1.3628186778610747e+24,-9.425301074718749e+35,-9.345217443963387e+23
-3.004668403285803e+24,-3.314076272608823e+36,-2.1028673240726643e+24
-6.808371667452692e+24,-1.1737877878365168e+37,-4.7339308723697325e+24
-1.6716423634461194e+25,-4.1533926007399696e+37,-1.0365541324575904e+25
-3.9003868787651885e+25,-1.5529956600937264e+38,-2.22174463467953e+25
-8.590509397289091e+25,-5.465239678006826e+38,-5.209013338857322e+25
-1.9348961574606625e+26,-1.860503827997843e+39,-1.2355115471450447e+26
-4.4378701739845594e+26,-6.109568954636206e+39,-2.8143571309370926e+26
-1.1079853473375105e+27,-2.0425866437496531e+40,-6.435995466354785e+26
-2.8153550432679273e+27,-6.785462872218766e+40,-1.4692562260969497e+27
-6.404893425426538e+27,-2.395497703607986e+41,-3.446982807997348e+27
-1.4777762485271388e+28,-8.307697842511924e+41,-7.714889295990249e+27
-3.3398920968153285e+28,-2.8128427653834824e+42,-1.6780080545261585e+28
-7.2924228862086105e+28,-9.47356759045397e+42,-3.6238397203964138e+28
-1.8798554487227032e+29,-3.418282376529462e+43,-8.813522769713474e+28
-4.437530189885995e+29,-1.1425303710793967e+44,-1.9694660150204576e+29
-1.0056940332362934e+30,-3.697714338080115e+44,-4.422971563048823e+29
-2.255673437971081e+30,-1.3007265799168534e+45,-9.978828764917912e+29
-5.081691230996371e+30,-4.163055799360964e+45,-2.1840611308678028e+30
-1.0618124719102006e+31,-1.4461624793007812e+46,-4.9806585671907755e+30
-2.319257990672054e+31,-5.13884511569869e+46,-1.123745205789942e+31
-4.85252868457864e+31,-1.739092062262659e+47,-2.544546637270871e+31
-1.0282605480626406e+32,-5.9262236826866746e+47,-5.894126577988599e+31
-2.154168648459357e+32,-2.0485819470145577e+48,-1.3587165344298733e+32
-4.446829273487421e+32,-7.129604213270497e+48,-3.0182146717976983e+32
-1.0090941693873153e+33,-2.2371990220106258e+49,-6.965567774437013e+32
-2.2547858077608592e+33,-7.930995550408332e+49,-1.521969548355083e+33
-5.0046802934123485e+33,-2.7053543397914874e+50,-3.49530045393808e+33
-1.1569358963879949e+34,-9.503296656398503e+50,-7.572753198909648e+33
-2.6216914935085577e+34,-3.2137218156529725e+51,-1.7512902023258872e+34
-5.687767469242801e+34,-1.164152091569199e+52,-3.983231401212187e+34
-1.263215901391882e+35,-4.0227032546650193e+52,-9.30849471205751e+34
-2.743207192600318e+35,-1.434886807868569e+53,-2.091762780851389e+35
-6.970218929366963e+35,-4.96783989881807e+53,-4.5789002656580035e+35
-1.5737151523779505e+36,-1.7028774193932324e+54,-1.0663349263658016e+36
-3.6178132111671376e+36,-5.757175154872359e+54,-2.398095314379479e+36
-8.25512489692328e+36,-1.9953128960836627e+55,-5.469293994224854e+36
-1.8640968255359164e+37,-7.192266010161543e+55,-1.2140559124359711e+37
-4.0608166095682134e+37,-2.415406196191637e+56,-2.7288956726356706e+37
-9.152350720647043e+37,-8.075565642243266e+56,-5.952736359847395e+37
-2.150363138394687e+38,-2.6553364810144314e+57,-1.3614470851347848e+38
-4.616095633063811e+38,-9.231583696304796e+57,-3.0800221804590392e+38
-9.844557560752734e+38,-3.077176989435083e+58,-7.483457621624897e+38
-2.0705691286065654e+39,-1.0366502219446562e+59,-1.7527029504250736e+39
-4.60481679619682e+39,-3.433531704807693e+59,-4.2363507106091225e+39
-1.0702381091733827e+40,-1.139986688364856e+60,-9.619398139394838e+39
-2.553523329357225e+40,-4.087254965770059e+60,-2.3565399479300864e+40
-5.915899777602198e+40,-1.3430246612839118e+61,-5.384327370334058e+40
-1.458438766492314e+41,-4.664220830474418e+61,-1.2392940398292979e+41
-3.4412163139244887e+41,-1.687737541515991e+62,-2.789648217762441e+41
-7.876921294791973e+41,-5.646009212537032e+62,-6.502033605687326e+41
-1.711258773288439e+42,-1.9600058025000456e+63,-1.4092923085527525e+42
-3.6345273994387296e+42,-6.693606075891829e+63,-3.3685978770774186e+42
-7.77854642062213e+42,-2.1058553433211714e+64,-7.51795270006229e+42
-1.881027730518656e+43,-7.205790169327036e+64,-1.721899719084561e+43
-4.1456198081381536e+43,-2.4689679655194693e+65,-3.825482878328798e+43
-9.656372297020553e+43,-8.403578628955426e+65,-8.462256242891512e+43
-2.44518852029992e+44,-2.912086824038781e+66,-1.863891656898612e+44
-5.599642131341751e+44,-1.0021268812342035e+67,-4.069110565773821e+44
-1.2865423294834049e+45,-3.436360926262668e+67,-9.575413317596284e+44
-2.879725553193157e+45,-1.1592707317442193e+68,-2.239079910310498e+45
-5.96384029449155e+45,-3.8350346433390275e+68,-5.527619901414164e+45
-1.3311625514070473e+46,-1.3323183295616618e+69,-1.301933527043755e+46
-2.874695655778257e+46,-4.402447849652555e+69,-2.951976327804736e+46
-6.546877220640321e+46,-1.5183088098118437e+70,-7.200179989075281e+46
-1.4696252184436042e+47,-5.0953198228286383e+70,-1.7031193295533682e+47
-3.1777879008638612e+47,-1.7333823668834254e+71,-3.9404718132146855e+47
-6.935037152261499e+47,-6.197912110162089e+71,-8.741736055730252e+47
-1.6207516373878028e+48,-2.143785493289279e+72,-2.0116579172690105e+48
-3.4165890495255395e+48,-7.274894225507445e+72,-4.3546305502038466e+48
-7.109464626342316e+48,-2.4708050727294527e+73,-1.0184874276870322e+49
-1.4497240759186614e+49,-8.318887134743891e+73,-2.3715015585845186e+49
-3.055593090486113e+49,-2.7814344760219097e+74,-5.237227991219395e+49
-6.342124599229909e+49,-9.497791068506167e+74,-1.1715128355280403e+50
-1.3712738818327836e+50,-3.2217318092122486e+75,-2.7834353950004165e+50
-2.983063400865928e+50,-1.1522765031938874e+76,-6.925440028904552e+50
-6.3636201255436995e+50,-3.9208865773937924e+76,-1.617034138240086e+51
-1.3847591599741075e+51,-1.3660933411179126e+77,-3.611126035438212e+51
-3.054896138304918e+51,-4.552309991844529e+77,-8.180661797779656e+51
-6.557056411074028e+51,-1.628163826508915e+78,-1.7936235762010844e+52
-1.4287031408323238e+52,-5.8582821005939585e+78,-4.414736915702995e+52
-3.507031911849403e+52,-2.029802717586263e+79,-1.055930640734086e+53
-8.348051654292807e+52,-7.340715689327658e+79,-2.493777498924414e+53
-1.9360907560515865e+53,-2.551355861542776e+80,-5.646082959207733e+53
-4.458238738035643e+53,-8.957873247845827e+80,-1.2947998602565767e+54
-9.748358403488516e+53,-3.0963438455298344e+81,-2.9192317754775674e+54
-1.9946120064190892e+54,-1.043814618315473e+82,-6.525457960895683e+54
-4.387243699455304e+54,-3.628206291734623e+82,-1.699483157963553e+55
-9.528087851560238e+54,-1.239609726286049e+83,-3.839374707862457e+55
-1.9876967830014818e+55,-4.100589425571561e+83,-8.820396780666271e+55
-4.3370900052301606e+55,-1.4552207261078973e+84,-1.9027966934213273e+56
-9.982267194644305e+55,-5.237549589179243e+84,-4.333404130825368e+56
-2.3788641214352988e+56,-1.7405158279149295e+85,-9.504127562338784e+56
-5.250928928838201e+56,-6.036509309687885e+85,-1.976683879712237e+57
-1.1974433921249738e+57,-1.95765567653314e+86,-4.082688026139173e+57
-2.872451943501687e+57,-6.396622778044521e+86,-8.78354207082868e+57
-6.647923412033533e+57,-2.271680966703518e+87,-1.873788880222079e+58
-1.486839905553813e+58,-7.955958198850008e+87,-3.892326010887774e+58
-3.251569841659032e+58,-2.6814563888043507e+88,-9.022416280994935e+58
-7.056965743737101e+58,-9.494379311060291e+88,-1.9832334009099003e+59
-1.494319826799745e+59,-3.151286780274042e+89,-4.357697360565363e+59
-3.170680496714298e+59,-1.0923999180268635e+90,-1.0010915784082078e+60
-6.821665756539691e+59,-3.6438088978397588e+90,-2.2691611479959338e+60
-1.5345427808388926e+60,-1.2325365622409868e+91,-5.177808604297405e+60
-3.3787590696028675e+60,-4.135099038444047e+91,-1.1600891599919045e+61
-7.260099090936995e+60,-1.4248877325304502e+92,-2.590644079316012e+61
-1.7173684585208296e+61,-4.8228301750006545e+92,-6.0380948816191e+61
-3.993374322443755e+61,-1.6966449706002767e+93,-1.4183573661384561e+62
-9.026044115380365e+61,-6.012275483554773e+93,-3.14568712993267e+62
-1.987550855302873e+62,-2.0754620187280303e+94,-7.008413956901436e+62
-4.291204158051646e+62,-7.213984127014884e+94,-1.614256475145433e+63
-9.255519436567006e+62,-2.472661290143034e+95,-3.4243596247411506e+63
-2.110011173178103e+63,-8.741247584074225e+95,-7.809665752567693e+63
-5.075841315002531e+63,-2.834557678464118e+96,-1.8743362582284903e+64
-1.1602317226401739e+64,-9.527550833479287e+96,-4.0677571392621465e+64
-2.7163772522761316e+64,-3.1545589650826924e+97,-9.706870065142638e+64
-6.391434560212305e+64,-1.0476174400813006e+98,-2.3064923828783334e+65
-1.4398483660360531e+65,-3.7389105111155636e+98,-5.342904799017529e+65
-3.3127605327552515e+65,-1.260844999421932e+99,-1.2618095767462493e+66
-7.253229085609207e+65,-4.413328322631978e+99,-2.9275432083456292e+66
-1.6137460249100962e+66,-1.4544567455200436e+100,-6.824846294361643e+66
-3.705099471372384e+66,-5.100214279526564e+100,-1.5365832111652133e+67
-8.571309463205811e+66,-1.799017491100975e+101,-3.635563912720884e+67
-1.9828054837369266e+67,-6.268563792846301e+101,-8.019615333954442e+67
-4.7519161765905224e+67,-2.1469645842136957e+102,-1.9188072320249588e+68
-1.18392738662633e+68,-7.293022426727963e+102,-4.411539130273975e+68
-2.7863165708080894e+68,-2.4589244646802487e+103,-9.839652969187896e+68
-6.818880783398007e+68,-8.557453100084913e+103,-2.2118998293763664e+69
-1.5319521828706565e+69,-2.849233238900611e+104,-5.166686718116849e+69
-3.6650668987950874e+69,-9.961889084169076e+104,-1.2608469245610524e+70
-8.496088726359183e+69,-3.519145917169309e+105,-2.889020389700573e+70
-1.9424009034237913e+70,-1.2450206982920736e+106,-6.490307181939748e+70
-4.5991131310794036e+70,-4.148233613123376e+106,-1.4247641522005474e+71
-1.1005600667858965e+71,-1.4576295125162189e+107,-3.4482427241667515e+71
-2.497963683097516e+71,-5.056509303511537e+107,-8.712230380365424e+71
-5.885770552477738e+71,-1.7215173410439695e+108,-1.9409701782718602e+72
-1.3663725131431254e+72,-5.862192920255156e+108,-4.699054031094953e+72
-3.041458178777999e+72,-2.0996888732219724e+109,-1.0227516528393023e+73
-6.9391225992426355e+72,-7.01155738367263e+109,-2.430087330927809e+73
-1.547881360317231e+73,-2.4681630035833824e+110,-5.968288270573277e+73
-3.5069039104865843e+73,-8.470305054079734e+110,-1.3830060422357236e+74
-8.25144016899477e+73,-2.954069933751616e+111,-3.323065647399358e+74
-1.7983294655267332e+74,-9.500167501511797e+111,-7.91033114970652e+74
-3.913156569198649e+74,-3.4363312300603583e+112,-1.8205889042802357e+75
-8.357756878298721e+74,-1.182323743604216e+113,-4.3306649649445e+75
-1.7773849691893876e+75,-4.8788480540872906e+113,-9.502727437594633e+75
-3.933848333315786e+75,-1.607668198099007e+114,-2.193713754502364e+76
-8.389675446339652e+75,-5.896049738671252e+114,-5.3646607190803075e+76
-1.963026662364717e+76,-2.213074424261978e+115,-1.1847040746778005e+77
-4.3057632426655705e+76,-7.6918688362580055e+115,-2.647068950379323e+77
-1.0008521359458636e+77,-2.7083098321698654e+116,-6.172131163878066e+77
-2.1920982394877036e+77,-9.095551540666508e+116,-1.3316843488679664e+78
-4.924696497639688e+77,-3.174210117915868e+117,-3.150884242111889e+78
-1.1068249935916498e+78,-1.1405390147472638e+118,-7.193156187221606e+78
-2.5949239021495145e+78,-3.9633967499383445e+118,-1.7066500168220308e+79
-6.1848673763865495e+78,-1.383613875247456e+119,-3.9275223397090485e+79
-1.4480021762561297e+79,-6.353252701372693e+119,-9.314645145800003e+79
-3.464579967919792e+79,-2.3359304210814701e+120,-2.2458260113845964e+80
-8.060219329090594e+79,-7.817751204142366e+120,-5.371950239536871e+80
-1.8186744214567226e+80,-2.730327142268572e+121,-1.2415891566229981e+81
-4.016185028723265e+80,-9.24856032793793e+121,-2.725164549997239e+81
-9.373110498877099e+80,-3.2629270828347995e+122,-6.086918528625995e+81
-2.258830939947685e+81,-1.1135457490571378e+123,-1.381441100591241e+82
-4.87952842711594e+81,-3.888181341880623e+123,-3.015416566268238e+82
-1.178718144813467e+82,-1.3518632464851691e+124,-6.72622812242108e+82
-2.907161088940446e+82,-4.495321076949802e+124,-1.4819023464016662e+83
-6.7747447193413e+82,-1.585004139606903e+125,-3.1697550123943746e+83
-1.597633419417885e+83,-5.472243386978923e+125,-7.716146286321692e+83
-3.9175652914206523e+83,-1.9029614470130657e+126,-1.715112907365468e+84
-8.966526634345599e+83,-6.31194246670805e+126,-3.948672134297942e+84
-2.0539110044836733e+84,-2.2833324648049856e+127,-8.498645970907747e+84
-4.481873484644641e+84,-8.134738185970719e+127,-1.9432483272321847e+85
-9.704697824077464e+84,-2.7293207692735074e+128,-4.274534912128156e+85
-2.1196681033429745e+85,-9.731441423063397e+128,-9.506075115985458e+85
-4.605792320872332e+85,-3.320210805112603e+129,-2.046952193085188e+86
-1.0150041257097363e+86,-1.1259852323854398e+130,-4.7046107610013016e+86
-2.190248381254716e+86,-4.3722197741270847e+130,-1.0086334256883298e+87
-4.760719645192303e+86,-1.5301392824797782e+131,-2.3987747265829845e+87
-9.94022233816156e+86,-5.538544317106624e+131,-5.696438117012826e+87
-2.3151851881439935e+87,-1.9082391493870908e+132,-1.2629559985017438e+88
-5.078132079137308e+87,-6.950215871456267e+132,-3.01456758593218e+88
-1.1237096784474697e+88,-2.314788572838871e+133,-7.080895921583882e+88
-2.5163491176289744e+88,-8.045816302523715e+133,-1.6785542561682522e+89
-5.272336957977552e+88,-2.803482501942126e+134,-3.796218231810803e+89
-1.1031999694706951e+89,-9.964197275093178e+134,-8.618441970167858e+89
-2.3709499406858753e+89,-3.319392905026041e+135,-2.0135896906612317e+90
-5.54471970274749e+89,-1.0806204907880305e+136,-4.557570595066868e+90
-1.2301711611236783e+90,-3.58715001870658e+136,-1.0468610725612518e+91
-3.2063121524298513e+90,-1.1848111535244551e+137,-2.3290484791146374e+91
-7.721788082989589e+90,-4.11518350299736e+137,-5.390803207411774e+91
-2.1865296944667655e+91,-1.389415418510405e+138,-1.1989820254109548e+92
-5.347806847737262e+91,-4.826264211762969e+138,-2.723988240006472e+92
-1.3385636920812495e+92,-1.6150549207700351e+139,-6.098816297274104e+92
-3.21640123828616e+92,-5.413585318586917e+139,-1.3514551935328229e+93
-7.609291771511054e+92,-1.8040591697235159e+140,-2.9555638167668467e+93
-1.7733763063314262e+93,-6.241347076021167e+140,-6.367389045083525e+93
-4.546397706310281e+93,-2.2119949427739358e+141,-1.4136209303599883e+94
-1.1730635064814892e+94,-7.207359996531983e+141,-3.1499212606577053e+94
-2.7076531060929497e+94,-2.4881186924211985e+142,-6.970280889584242e+94
-6.307425584455641e+94,-8.631237703121238e+142,-1.538735428280638e+95
-1.4078248953242544e+95,-3.0210461910639467e+143,-3.474766701318641e+95
-3.372318785862648e+95,-1.0380125446953865e+144,-7.751844087626765e+95
-7.494661450512849e+95,-3.610977215432721e+144,-1.719462315607233e+96
-1.7570679564946384e+96,-1.226944197769672e+145,-3.6473028818989258e+96
-4.0071711691474113e+96,-4.09430370736091e+145,-8.283722497704549e+96
-8.706615564319244e+96,-1.4265803994917028e+146,-1.8041325662949804e+97
-1.986142369960224e+97,-5.072446151007956e+146,-4.0696671913476e+97
-4.5077539784637415e+97,-1.6838870925937173e+147,-8.945154345963761e+97
-1.0169115783610084e+98,-5.661946261026605e+147,-2.059621251894888e+98
-2.2117313306251262e+98,-1.9543532033600281e+148,-4.6308107823876754e+98
-4.9269552402583885e+98,-6.409527452386491e+148,-1.059913640808775e+99
-1.1174885364838345e+99,-2.2766787692004386e+149,-2.3654027956931786e+99
-2.476887660102542e+99,-8.100143718932992e+149,-5.308876528998745e+99
-5.682211329973311e+99,-2.8180326880237464e+150,-1.2630243959285014e+100
-1.278716514749979e+100,-1.0235422636324009e+151,-2.8356068754480194e+100
-2.8133512883750283e+100,-3.6407639365043085e+151,-6.0871522917934004e+100
-6.77485645423914e+100,-1.2846012822752746e+152,-1.3262325928772114e+101
-1.452025815306603e+101,-4.1157573410232996e+152,-3.087517156904855e+101
-3.8112180435001466e+101,-1.4161240023068394e+153,-6.834746687140721e+101
-9.485706994297556e+101,-5.048682589782317e+153,-1.539796838449035e+102
-2.229239734052059e+102,-1.7701662413710254e+154,-3.653374745424887e+102
-5.225096311926005e+102,-6.428810718443343e+154,-8.816725462146775e+102
-1.2550149367849396e+103,-2.2599317500852023e+155,-1.971893235753144e+103
-2.9664018392883528e+103,-7.829309805432723e+155,-4.5117052827583974e+103
-7.034317868393832e+103,-2.5955369968416807e+156,-1.0509785971831176e+104
-1.67592792654496e+104,-9.377397561012729e+156,-2.424596791494359e+104
-3.921330690571721e+104,-3.0855400472802143e+157,-5.4863500686831123e+104
-8.559168673061625e+104,-1.0592324905987983e+158,-1.3045121602225017e+105
-1.9663165844702338e+105,-3.626184506442162e+158,-2.9520091169811764e+105
-4.5856206198668916e+105,-1.3208622216081779e+159,-6.928419012242611e+105
-1.0010020847313908e+106,-4.484566436893869e+159,-1.6150257456319453e+106
-2.7691402868625496e+106,-1.5343319069331507e+160,-3.8975181982531e+106
-7.334515010346192e+106,-5.5249591803061194e+160,-8.72395546472971e+106
-1.9498326577702114e+107,-2.0226865928958979e+161,-2.027442002768164e+107
-4.663637052626663e+107,-7.203253365832638e+161,-5.062329028833761e+107
-1.2110581093484942e+108,-2.5849777912859023e+162,-1.2015640255438574e+108
-2.8822587078733503e+108,-9.325842403722958e+162,-2.6576010419528534e+108
-6.998857677407538e+108,-3.082991337902645e+163,-5.767162289331825e+108
-1.609208051375426e+109,-1.0600885157736055e+164,-1.2857024743201902e+109
-3.772288279059042e+109,-3.57855166712309e+164,-2.8628120707540838e+109
-9.457034898040634e+109,-1.2771831763707438e+165,-6.348151846014176e+109
-2.2297216227449145e+110,-4.6446258397588586e+165,-1.4583400244467883e+110
-4.9030764998634995e+110,-1.6630885607245663e+166,-3.265891827168613e+110
-1.0322482060638514e+111,-5.5554071079373206e+166,-7.073875533266285e+110
-2.2763213959388612e+111,-1.907850839939351e+167,-1.5634681829925537e+111
-5.310261573783094e+111,-6.445526269439783e+167,-3.360437626394181e+111
-1.1354141343304109e+112,-2.193455898995331e+168,-7.213290240296103e+111
-2.564656428076396e+112,-7.656298236107568e+168,-1.593292738698899e+112
-5.604367196668547e+112,-2.701396121681987e+169,-3.5941161008551427e+112
-1.4312346298294195e+113,-9.312798889586469e+169,-8.2676652151507e+112
-3.620264792073503e+113,-3.148218839237404e+170,-1.9724694215519058e+113
-9.08738897537516e+113,-1.0643209851239143e+171,-4.393190674356845e+113
-2.247582459670631e+114,-3.475049741325046e+171,-9.734747203262806e+113
-5.865826791450629e+114,-1.109572022827714e+172,-2.3739755276531402e+114
-1.421541176125885e+115,-3.576749354040672e+172,-5.506261722519293e+114
-3.4007254930397454e+115,-1.1887086001314089e+173,-1.3104342024420046e+115
-7.865624412565023e+115,-3.9175996510001815e+173,-3.097543247419899e+115
-1.8433999128402003e+116,-1.3289078043301012e+174,-7.079944193370009e+115
-4.234077300181697e+116,-4.408952063520413e+174,-1.729977995308946e+116
-9.422494741580034e+116,-1.546525062202457e+175,-3.997140884323902e+116
-2.4395456326802424e+117,-5.442142086108483e+175,-9.24374490298748e+116
-6.258215332264149e+117,-1.8902617000425978e+176,-1.982979876832842e+117
-1.398310392740155e+118,-6.766518758246051e+176,-4.899550648781585e+117
-3.160280188108842e+118,-2.3872962691650745e+177,-1.1246059012700625e+118
-7.634125576596508e+118,-8.098503978744501e+177,-2.7932796563645377e+118
-1.7835328002144454e+119,-2.7029806476402055e+178,-6.605038084870659e+118
-4.1773058151167326e+119,-8.994755185981542e+178,-1.5618019513329221e+119
-9.651266548182681e+119,-3.179187982045295e+179,-3.524565505869475e+119
-2.400796091960817e+120,-1.0844847713746035e+180,-8.352713291100139e+119
-5.83141321546252e+120,-3.870919216254692e+180,-1.7726914698619583e+120
-1.3434946256448502e+121,-1.3390585439478388e+181,-3.8827790675132163e+120
-3.02616732533096e+121,-4.672509680803274e+181,-8.936401379725379e+120
-7.310712860781673e+121,-1.5777144564528626e+182,-2.1358266673110826e+121
-1.5789530763693098e+122,-5.321633193570504e+182,-4.840908491502325e+121
-3.463972991167898e+122,-1.865584266081694e+183,-1.153186636939632e+122
-8.01304655991796e+122,-6.528096994881432e+183,-2.626671427468032e+122
-1.793610406762982e+123,-2.3603807138253615e+184,-6.085629193046052e+122
-4.09152048382157e+123,-8.113479251495936e+184,-1.445834594776837e+123
-8.794179206854509e+123,-2.6328245584222202e+185,-3.2469836818123424e+123
-1.8844021827386176e+124,-9.07485669575866e+185,-7.368463985462956e+123
-3.9265626221728563e+124,-3.218926463472845e+186,-1.692245643353313e+124
-8.399994698413845e+124,-1.1124349339031302e+187,-4.051097070575224e+124
-1.776244463428341e+125,-3.948348919040901e+187,-9.074322192842425e+124
-3.899149666148278e+125,-1.3471256133626179e+188,-2.047725352253532e+125
-8.61502015758905e+125,-4.559279314001769e+188,-4.568736419650147e+125
-1.829903752914975e+126,-1.5341744842596124e+189,-1.0617179734361832e+126
-4.2509275515110015e+126,-5.209652138570494e+189,-2.425505712316399e+126
-1.0069304113997535e+127,-1.7674417626268367e+190,-5.608074664161298e+126
-2.3214602708309976e+127,-6.152544541870109e+190,-1.30838403843607e+127
-5.007255798414635e+127,-2.1643620252418673e+191,-2.9821088467928917e+127
-1.136036672419631e+128,-7.761797638877686e+191,-6.5219267841931e+127
-2.6124368204975925e+128,-2.632833048809831e+192,-1.3998961477333737e+128
-5.544917384241814e+128,-9.476706714366658e+192,-3.0249159115871244e+128
-1.148398671870873e+129,-3.2533592101319607e+193,-6.667164747083669e+128
-2.6289597844694864e+129,-1.1405859653311416e+194,-1.5121580541570138e+129
-6.118618541753088e+129,-3.897792349729934e+194,-3.282075752659826e+129
-1.375632067326058e+130,-1.261557034688636e+195,-7.342502634943677e+129
-2.870167864370976e+130,-3.8986473053307293e+195,-1.6768846284216203e+130
-6.2605357608690775e+130,-1.2985908762416837e+196,-3.691630000625228e+130
-1.4252731612661845e+131,-4.511066868966009e+196,-8.517793631001654e+130
-3.3596180395234334e+131,-1.574745999117533e+197,-1.835990542297622e+131
-8.051879400805801e+131,-5.587058444104788e+197,-4.152579649749431e+131
-1.9255015319601495e+132,-1.9465763078850424e+198,-9.434306277794561e+131
-4.3141794475409e+132,-7.055004565530201e+198,-2.1455034431674046e+132
-9.777351934948169e+132,-2.4757371709161245e+199,-4.92912551390784e+132
-2.1688192692895241e+133,-8.092966479014828e+199,-1.187139921289501e+133
-5.432028961365694e+133,-2.7375917499849624e+200,-2.7540698510473743e+133
-1.4595486676390816e+134,-9.465100352508478e+200,-6.392253975793337e+133
-3.3887013962428716e+134,-3.1901236512766447e+201,-1.4918877631894827e+134
-8.500701118573492e+134,-1.0540140004592356e+202,-3.667680420138431e+134
-1.9008815841375493e+135,-3.670851411915878e+202,-8.085389183771688e+134
-4.2172999884949006e+135,-1.2282581469735494e+203,-1.8505443542027664e+135
-9.22710989879612e+135,-4.0356919123386365e+203,-4.3486496471894546e+135
-1.9491768386849835e+136,-1.434053125338363e+204,-1.0115328039086706e+136
-4.510721143560522e+136,-4.8293295635422945e+204,-2.316537175788959e+136
-1.079570357054417e+137,-1.704674655581829e+205,-5.369214036088089e+136
-2.3971542298927077e+137,-5.818707961379162e+205,-1.2501304910947482e+137
-5.434642501990922e+137,-1.884545439675727e+206,-2.7612463929019778e+137
-1.3007072818959363e+138,-6.458417860601387e+206,-6.278506620862837e+137
-2.8241960629809827e+138,-2.3395715257872375e+207,-1.4116055722481652e+138
-6.545637319508341e+138,-8.081327851164986e+207,-3.402276116895935e+138
-1.467016245502811e+139,-2.911935592295486e+208,-7.800836894512303e+138
-3.113905987125488e+139,-1.0052318875347415e+209,-1.8229950416851407e+139
-7.430200369883599e+139,-3.5238248713293446e+209,-4.164874832656096e+139
-1.6453395435809524e+140,-1.2061521955669524e+210,-9.313882829325789e+139
-3.6500464184631125e+140,-4.275232776890055e+210,-2.1606457804101447e+140
-8.09978425591828e+140,-1.497687315448858e+211,-5.107012100369582e+140
-1.810494096514408e+141,-5.387757337891049e+211,-1.2027630137801315e+141
-3.970993360968107e+141,-1.8817977508107775e+212,-2.7084721360270335e+141
-8.421867419042376e+141,-6.610925866175417e+212,-6.220478689254157e+141
-1.7907505547089718e+142,-2.270965210860631e+213,-1.3824059568126095e+142
-3.938293873552213e+142,-8.22396552730035e+213,-3.188880901378809e+142
-8.512103879841988e+142,-2.9393439550773866e+214,-7.097147261493767e+142
-1.9719140612644073e+143,-1.0235836211956407e+215,-1.7108638323218912e+143
-4.419050713756362e+143,-3.332538245623148e+215,-4.045560837235528e+143
-9.813449401454288e+143,-1.0767215761618639e+216,-9.650344875728019e+143
-2.6802210961017677e+144,-3.755248725128841e+216,-2.2874796304428147e+144
-6.265810936808635e+144,-1.2921773533072956e+217,-5.742413248860344e+144
-1.437686766696904e+145,-4.1726842361321584e+217,-1.3570397078607308e+145
-3.4183017283137716e+145,-1.4388995894201091e+218,-3.092405990672731e+145
-8.21966572502037e+145,-5.104821316628932e+218,-6.947518290620211e+145
-2.053998805324258e+146,-1.7958634428821966e+219,-1.532174036899356e+146
-4.488817824749984e+146,-6.462879810692856e+219,-3.379773596726356e+146
-1.0322436280287567e+147,-2.1958352063913223e+220,-7.807048805955152e+146
-2.340377530829109e+147,-7.443938388078018e+220,-1.779047026896044e+147
-5.315533595163716e+147,-2.6090746271071185e+221,-4.1157474704929806e+147
-1.118851601877902e+148,-8.967814948893822e+221,-8.943528608273593e+147
-2.5011634426432413e+148,-2.986572112097149e+222,-2.0167963246414733e+148
-5.778708757840047e+148,-1.0835250323802949e+223,-4.387991666508953e+148
-1.2937930214608263e+149,-3.7560194879634165e+223,-9.86418363972564e+148
-2.7553295872503803e+149,-1.2865032811177803e+224,-2.1439530492794003e+149
-5.713863613330145e+149,-4.350813119761185e+224,-4.788653844226631e+149
-1.2751580726839089e+150,-1.5354012692861107e+225,-1.1077164014856927e+150
-2.6547206463393646e+150,-5.3326534346153885e+225,-2.574390270638828e+150
-5.9274273519713434e+150,-1.8896789894687862e+226,-5.778586431132103e+150
-1.2962486309419626e+151,-6.046533178848591e+226,-1.337369759253662e+151
-2.8315962455268655e+151,-2.17425666417549e+227,-2.9645712590107787e+151
-6.056193836075504e+151,-7.141989671961678e+227,-6.696877992143821e+151
-1.325349162164851e+152,-2.5149007940536683e+228,-1.5482325748079263e+152
-3.0785182068673146e+152,-8.512798525172826e+228,-3.4854354047236886e+152
-6.7880806855848e+152,-2.930329059213698e+229,-7.940572607097546e+152
-1.3630992787008437e+153,-1.0461095624975978e+230,-1.8818288900391987e+153
-3.0830684231216296e+153,-3.7217384305250876e+230,-4.315257304876963e+153
-6.6872468946090624e+153,-1.3056565591226738e+231,-9.935283031190316e+153
-1.5645499630740656e+154,-4.395506400570478e+231,-2.2965724222519675e+154
-3.7286907684219127e+154,-1.55826120614922e+232,-5.455374714124408e+154
-9.116421194820804e+154,-5.39774342809334e+232,-1.3210669069161944e+155
-2.4439441508130417e+155,-1.8791081633015422e+233,-3.0300782042525027e+155
-5.997974028391118e+155,-6.425680951765681e+233,-7.176364327894987e+155
-1.4022910176077314e+156,-2.1476823161597547e+234,-1.6472361716688017e+156
-3.2815348385380635e+156,-7.272957832117702e+234,-3.8735345470362115e+156
-7.127375820451697e+156,-2.5140648320694018e+235,-8.88633917928347e+156
-1.4627238396290148e+157,-8.85142173493416e+235,-2.1137850599390762e+157
-2.947383809126653e+157,-3.1782862847700283e+236,-4.8021200031410827e+157
-5.980391771145085e+157,-1.0423692408445759e+237,-1.0285741899309353e+158
-1.1706370206043983e+158,-3.337547587471645e+237,-2.4008320849600605e+158
-2.933927474544525e+158,-1.1160335935333177e+238,-5.648682078238783e+158
-6.769946486166823e+158,-3.7605317141511955e+238,-1.2665730866813682e+159
-1.5490343029497175e+159,-1.2699483639059641e+239,-2.7260711922219777e+159
-3.705615940411639e+159,-4.457878712971674e+239,-6.0321401916471405e+159
-8.826891904120351e+159,-1.5411234992980076e+240,-1.3671949657200915e+160
-2.0811716893465774e+160,-5.086430302811216e+240,-2.9911827175462836e+160
-5.147870766598964e+160,-1.681157747716845e+241,-6.596350331649722e+160
-1.1489538592874383e+161,-5.858223290723086e+241,-1.617361703849296e+161
-2.7362578696858647e+161,-2.0018471804203923e+242,-3.6514229452088446e+161
-5.919392544055712e+161,-6.353853892497152e+242,-8.708750411125764e+161
-1.2939161830715167e+162,-2.1103770408131027e+243,-2.012253403101531e+162
-2.9718409079475405e+162,-7.242886840296082e+243,-4.603926509024621e+162
-7.508286079546808e+162,-2.5554245365879722e+244,-1.0015302800612306e+163
-1.6823598553626292e+163,-8.350720887544557e+244,-2.3117483134488965e+163
-3.909391448401472e+163,-2.9077334548756696e+245,-5.237045629931888e+163
-9.019496715396592e+163,-9.73293170257225e+245,-1.2562454093319349e+164
-1.9928238550747974e+164,-3.278493815994402e+246,-2.794481692749599e+164
-4.407771189111177e+164,-1.0876535522481528e+247,-6.348954571760467e+164
-8.974431083691832e+164,-3.596158890058675e+247,-1.4274419142412215e+165
-1.9375803919107494e+165,-1.2625712467462214e+248,-3.356431204415688e+165
-4.05459448122652e+165,-4.4366295510381707e+248,-7.406191187091259e+165
-7.233682763537629e+165,-1.5920392195092525e+249,-1.6539013124161065e+166
-1.3805241769944586e+166,-5.541817436871456e+249,-3.7357814060208966e+166
-2.542434927308069e+166,-1.940562135101876e+250,-8.4175461761021e+166
-4.8769905137460596e+166,-6.9824334922646e+250,-1.9045177419477478e+167
-9.543187834814944e+166,-2.4292548146935777e+251,-4.246916438703802e+167
-1.9799842766933036e+167,-8.545039897476763e+251,-9.348162663023311e+167
-3.984344102488843e+167,-2.9692981087305017e+252,-2.124893748114406e+168
-8.591661717775312e+167,-1.040553688955843e+253,-4.6872959221553275e+168
-1.8595361752088034e+168,-3.536109973352715e+253,-1.0506726800086357e+169
-4.196610913305653e+168,-1.160857268334284e+254,-2.3372628901008883e+169
-9.26075420458617e+168,-3.979528324931172e+254,-5.478586976763319e+169
-1.8955329269103107e+169,-1.424072978149199e+255,-1.223459450332361e+170
-4.21656027862752e+169,-5.059160760058801e+255,-2.6164285389451223e+170
-8.92568658521669e+169,-1.7227567627136144e+256,-5.865839983601524e+170
-1.960771677016671e+170,-6.229860146794987e+256,-1.3509625625870675e+171
-4.28578656119786e+170,-2.190855665848682e+257,-3.2643120670255886e+171
-8.995054888234379e+170,-7.650488174801431e+257,-7.948581571719383e+171
-2.035914446894199e+171,-2.7168028017653632e+258,-1.86001874412939e+172
-4.597869851319022e+171,-9.178774350123398e+258,-4.5264988542813836e+172
-9.772291408021227e+171,-3.218788297193587e+259,-1.1887526924412907e+173
-2.1709921121537652e+172,-1.0915365668903842e+260,-3.2061216112159777e+173
-5.046586479048289e+172,-3.8177311468503337e+260,-8.314946725205598e+173
-1.091572038429646e+173,-1.253371692815261e+261,-1.949061588058032e+174
-2.4345294744503362e+173,-4.353511309143925e+261,-5.155333966268592e+174
-5.626402588984892e+173,-1.5536486321062568e+262,-1.3211878408216164e+175
-1.4386660987193593e+174,-5.29927190095482e+262,-3.438139806688554e+175
-3.3878521998007917e+174,-1.8183068155380127e+263,-8.370425250310235e+175
-7.981630416168616e+174,-6.246741959653703e+263,-1.8562880773958525e+176
-1.7470462713616692e+175,-2.177176497961235e+264,-4.4403471854579173e+176
-3.93751410113852e+175,-7.662813972376382e+264,-1.0376885773562393e+177
-9.078667031783124e+175,-2.4731192410986122e+265,-2.693807574192757e+177
-2.0812744917026348e+176,-8.320718813685378e+265,-6.926771158935601e+177
-4.9554850138312585e+176,-2.7441412387014316e+266,-1.7696223307839014e+178
-1.1015379971830356e+177,-8.962969487134115e+266,-4.440746077634853e+178
-2.58533215605456e+177,-3.154320611524324e+267,-1.2005857302067526e+179
-5.921836421991089e+177,-1.1227299835484185e+268,-3.078947044727033e+179
