pso,hgapso,logapso
13154784.023214493,13174812.491846204,13154323.768320326
13110614.434268303,13148516.213719828,13109090.957052017
13048894.869001936,13108254.998923935,13041712.38973819
12964445.206657466,13037015.496149747,12946728.972037602
12860607.143558884,12921259.271140585,12830178.98635846
12734533.523665767,12706628.121722598,12682625.313784515
12563566.09396404,12272248.60377171,12480493.566086471
12355346.033088805,10956826.771706574,12218269.803864678
12064207.51352939,2777550.011883132,11771785.505044492
11536962.89137717,-17765564.795951627,10653348.638859373
10232597.860665327,-32331716.08706857,6661492.6213009
6999657.444490786,-35986216.84226874,-2435347.152566693
2533451.4684139877,-36922111.65020348,-15945502.971193213
-2978602.674057117,-38889342.989766605,-26065937.51727762
-9491446.044382703,-42457570.29679372,-30762144.266639024
-18364622.946001165,-46957218.25050625,-32906178.436386175
-27216120.844551325,-58720999.85629378,-33627679.42259697
-30610573.822616093,-86118280.67975385,-34514169.76771783
-31455070.057319112,-182697291.24502993,-35685817.63991083
-32168127.774873782,-415321608.00072044,-37154784.51071987
-33656234.11059227,-1344044522.703583,-39200162.22829364
-36040902.25968194,-3740381583.5008574,-41771118.6642568
-40418574.75253148,-12402379417.25893,-45411092.80924514
-47903121.455041125,-36445428151.067764,-50856440.00129311
-62489542.636470616,-130430002838.98312,-61286643.04437105
-86740855.14968824,-595784175528.5645,-79268241.16375713
-159839399.83090788,-2157977455146.4602,-116176739.65245041
-364924318.3513361,-6340112895120.491,-204818116.8045028
-906869731.0612577,-22930340770053.54,-382667146.7398386
-2268248441.2816763,-73574539599264.56,-812834429.2458944
-5846973328.966404,-271663216504726.8,-2103828363.7614903
-13617449461.078623,-897838582325456.0,-5032747143.308426
-32134899775.852997,-3151361673989419.0,-11577388752.342022
-67086478789.08213,-1.0536408097523052e+16,-27450359526.516647
-153837823496.15094,-3.765314331185367e+16,-61109140351.11882
-335004305947.40546,-1.2434347798007598e+17,-128113901119.82622
-745511477563.3068,-4.24828093685768e+17,-276036434323.7089
-1699781912342.7134,-1.506067890603993e+18,-580911512720.982
-3909545195412.3125,-4.93602506396435e+18,-1248854543633.8826
-8608623664265.256,-1.651254759490755e+19,-2562671251289.7095
-18748002277614.58,-5.533214714180253e+19,-5790477990438.635
-38653292265744.13,-1.826981515664679e+20,-11942755495815.355
-86093780216006.78,-6.664452125871789e+20,-28547330780409.895
-188210898485288.94,-2.1192927211561885e+21,-62338725353801.21
-392670851737202.9,-7.669909907310904e+21,-148782285274044.44
-899846877134755.9,-2.5002418332060476e+22,-374764554882472.4
-1916422633001636.0,-7.999036417760756e+22,-942580607554986.6
-4442446429748644.0,-2.815261604551479e+23,-2491022310877795.0
-9236623461729676.0,-9.401565654237802e+23,-6049132835352191.0
-1.7603913265930716e+16,-3.0496164052954757e+24,-1.624258553471631e+16
-3.5663837379087596e+16,-9.867246502806691e+24,-3.5984424666050252e+16
-7.825197254852688e+16,-3.4868662549338965e+25,-8.066863456935854e+16
-1.5957256350574963e+17,-1.2434468523812881e+26,-1.926062042545901e+17
-3.3106560873792006e+17,-4.2685681198798946e+26,-4.04581993175944e+17
-6.58894229904878e+17,-1.3361557289653093e+27,-8.637204938584973e+17
-1.2271137335901478e+18,-4.7656315299193237e+27,-2.1163608791341978e+18
-2.5001562675925596e+18,-1.6232490681317346e+28,-4.52812879683039e+18
-5.153083591149951e+18,-5.523297723120928e+28,-1.0373046836175747e+19
-1.1334676311133071e+19,-2.018035266510715e+29,-2.4318330752522195e+19
-2.3304997344092738e+19,-7.051289791992364e+29,-5.7041355416712946e+19
-4.852823098800369e+19,-2.5139055604991732e+30,-1.245891654097632e+20
-1.0070494110125441e+20,-8.716684988771918e+30,-2.9482328999605368e+20
-2.1436070713705464e+20,-2.9318192918855577e+31,-6.6649031082063e+20
-4.8984363674191056e+20,-1.0203021363872263e+32,-1.6742170407715293e+21
-1.0483902178940309e+21,-3.388361670930682e+32,-3.8189293665135273e+21
-2.409757535009416e+21,-1.1548463358368069e+33,-8.306955353884377e+21
-5.414858823813752e+21,-3.765231957462449e+33,-1.7783938584395127e+22
-1.2055677277224823e+22,-1.2120900081958752e+34,-3.930841934811074e+22
-2.8457814717794833e+22,-4.3204297781740555e+34,-8.284126516590658e+22
-6.371670608925478e+22,-1.4783026845772865e+35,-1.857546186589893e+23
-1.3301680440866948e+23,-5.039069668389103e+35,-3.980251261928281e+23
-2.9025457165722527e+23,-1.6567214756020812e+36,-8.594745749020617e+23
-5.926065639105195e+23,-5.949409353619356e+36,-1.8866732450609703e+24
-1.3116504411504253e+24,-1.9759655082475229e+37,-4.0840074979750707e+24
-3.336325922551834e+24,-6.573618012176111e+37,-9.086272263301018e+24
-7.443992530074003e+24,-2.2189944660354596e+38,-2.1533769529731845e+25
-1.617190988724237e+25,-7.473551425188053e+38,-4.746582907785121e+25
-3.5096021004867275e+25,-2.5415327155783555e+39,-1.0560507680093981e+26
-8.822423325536198e+25,-9.338130670857714e+39,-2.2460317010290743e+26
-2.0883743346864174e+26,-3.0884664701642303e+40,-5.000531538606232e+26
-4.6157260115830756e+26,-1.0303927558182449e+41,-1.1003533755089669e+27
-1.0012054411436559e+27,-3.6782910906402e+41,-2.3376163350520767e+27
-2.6083740997749134e+27,-1.2367596516538626e+42,-5.009488163550166e+27
-6.385182816590243e+27,-4.149131435654488e+42,-1.2444766740528141e+28
-1.4998503144732617e+28,-1.3749767629900823e+43,-3.0491106675066865e+28
-3.4087999741762997e+28,-4.596131695228636e+43,-7.413089238610695e+28
-8.171200316039297e+28,-1.6455231179403932e+44,-1.950545390931501e+29
-1.792736849022919e+29,-5.4563428256665374e+44,-4.9929451760413706e+29
-3.5997226451405546e+29,-1.8552620777614837e+45,-1.2140112397688576e+30
-8.981523070785935e+29,-6.445620853081255e+45,-2.996646988433446e+30
-2.077714389460543e+30,-2.1865224906090682e+46,-7.919095776383996e+30
-4.9458668014023766e+30,-7.199138457104477e+46,-2.017509015942277e+31
-1.089002440663742e+31,-2.544443975774095e+47,-4.586113649776473e+31
-2.4119635134695326e+31,-8.37401051440256e+47,-1.2819990003854616e+32
-5.184657544874034e+31,-2.8762229364449508e+48,-3.0002770707734477e+32
-1.3112950759537177e+32,-9.882444570909925e+48,-7.330236471980569e+32
-3.1401308053214867e+32,-3.5817070362229804e+49,-1.8267291337583366e+33
-8.135307505492414e+32,-1.270116860392351e+50,-4.113898906528604e+33
-1.833490513987936e+33,-4.410733291624689e+50,-9.49350440955266e+33
-4.1889668704059645e+33,-1.500781497145125e+51,-2.074689783309041e+34
-9.457466188561704e+33,-4.7302826458257734e+51,-4.474504074334527e+34
-2.037122022317699e+34,-1.6449873192581543e+52,-9.609841316642597e+34
-4.702336381969306e+34,-5.821796597012524e+52,-2.2007644558358117e+35
-1.081660112227344e+35,-1.983266698214109e+53,-5.5018826735642285e+35
-2.435664389464184e+35,-6.735592821016436e+53,-1.2544491197756355e+36
-5.38152987872969e+35,-2.21265051904574e+54,-2.7373888491907247e+36
-1.2004695377559563e+36,-7.730760213674877e+54,-6.572468697491788e+36
-2.7288268824166203e+36,-2.819496736919759e+55,-1.4783526080523664e+37
-5.751361255232804e+36,-9.566627532415914e+55,-3.658232336166882e+37
-1.2008479475052908e+37,-3.3282659811774417e+56,-8.316765399418492e+37
-2.737460102350919e+37,-1.1555027527496925e+57,-1.959796179014327e+38
-5.769949615439834e+37,-3.916065472218316e+57,-4.4019124830633194e+38
-1.2783155966019717e+38,-1.3892253256159656e+58,-9.822360832103127e+38
-2.8530462835638997e+38,-4.5097161302198786e+58,-2.16705397399921e+39
-6.2735908632253e+38,-1.5033826924340244e+59,-4.776878886538086e+39
-1.2971595046929407e+39,-5.108370357556744e+59,-1.0256331709433033e+40
-3.04085689806194e+39,-1.792820459635052e+60,-2.209144190424e+40
-6.660074371448703e+39,-6.358659621610112e+60,-4.833704256699038e+40
-1.4380414769468166e+40,-2.1923557506431188e+61,-1.0799049655204717e+41
-2.9750393567016603e+40,-7.720759853433205e+61,-2.5480671918632255e+41
-6.605908929941908e+40,-2.5719156475474005e+62,-6.2388360143174466e+41
-1.4044651419438958e+41,-9.297653549914063e+62,-1.474373608847856e+42
-2.8871209048409642e+41,-3.242386745930731e+63,-3.566813389849342e+42
-6.784771054810424e+41,-1.1500585429658531e+64,-8.309065204389386e+42
-1.5177149948500226e+42,-3.67448306547016e+64,-1.8760800878585292e+43
-3.4906569336144306e+42,-1.2968508498182813e+65,-4.545601114411862e+43
-8.376536921976703e+42,-4.352811878446167e+65,-1.0442686487370111e+44
-1.7872310032836495e+43,-1.5172574510448099e+66,-2.2635352824258687e+44
-3.7684926189567333e+43,-4.938224917597563e+66,-5.583003782764865e+44
-8.580917149676138e+43,-1.7220889352720263e+67,-1.2645034247141834e+45
-1.7871214981806343e+44,-5.564005403433261e+67,-2.919028580159542e+45
-3.8583696901807174e+44,-1.9212085433849081e+68,-6.605517619972477e+45
-8.088200416900282e+44,-6.486530034684653e+68,-1.464145978798264e+46
-1.7168376075508598e+45,-2.1976013081094847e+69,-3.4583254031815245e+46
-3.6583009423090175e+45,-7.190539355715515e+69,-7.788629021073065e+46
-7.718035521177434e+45,-2.4361861317399384e+70,-1.7776144475315642e+47
-1.770743318534205e+46,-7.777732703859627e+70,-3.910294719626127e+47
-3.9425643438959505e+46,-2.6160254529960745e+71,-7.80650677671913e+47
-9.272462988506133e+46,-8.713648255008359e+71,-1.5551955509420573e+48
-2.194974225095907e+47,-2.843899113212539e+72,-3.287127102206855e+48
-4.905591706221069e+47,-9.874236373906016e+72,-6.637038943859571e+48
-9.884803534103708e+47,-3.2804786909465986e+73,-1.3507696423542455e+49
-2.156447515754637e+48,-1.0537049186419148e+74,-2.732033087190969e+49
-4.9740594050818235e+48,-3.7226752084094904e+74,-5.831399511335797e+49
-1.0519690608799489e+49,-1.241916639878253e+75,-1.2198251198221301e+50
-2.1919612199711757e+49,-4.110965175654391e+75,-2.6952894698981865e+50
-4.664474275156697e+49,-1.3617952375711469e+76,-5.618067895659483e+50
-1.0403940260114764e+50,-4.955134454315016e+76,-1.2372097345029913e+51
-2.3019164591875283e+50,-1.723954968904927e+77,-2.6121871680893453e+51
-5.242677679736915e+50,-5.982998588199375e+77,-5.7588637923885953e+51
-1.15007821395948e+51,-2.1511958431671964e+78,-1.2083102994187368e+52
-2.8225464456958532e+51,-7.153454184795399e+78,-2.7823260436086645e+52
-6.60363600707444e+51,-2.39290572902435e+79,-6.419095722914471e+52
-1.4735838273725873e+52,-7.840428001595129e+79,-1.4878729018856579e+53
-3.590574904678386e+52,-2.653517017657955e+80,-3.4310411216964426e+53
-8.288697347117377e+52,-9.252321827128069e+80,-7.169406403470652e+53
-1.8636280835156901e+53,-3.301802754619674e+81,-1.7677061574427066e+54
-4.152215593538351e+53,-1.155286021204325e+82,-3.8882190866197654e+54
-9.053124489412825e+53,-3.861925529191489e+82,-8.964638265962523e+54
-1.9401974367520557e+54,-1.3271251920329065e+83,-2.179733375770353e+55
-3.869884261498184e+54,-4.412991997207806e+83,-4.7221591652753076e+55
-7.820655058949755e+54,-1.6187715891279275e+84,-1.049225126182655e+56
-1.647123259406616e+55,-5.506642617173681e+84,-2.4250570160504533e+56
-3.3489044276986257e+55,-1.8735870298751073e+85,-5.53312259128591e+56
-7.736266876370721e+55,-6.1841573861068e+85,-1.3415843812036742e+57
-1.751389737684961e+56,-2.188305532708481e+86,-3.1280237170738446e+57
-3.7290146717704097e+56,-7.287755305446365e+86,-7.583327434830747e+57
-7.5035750060118355e+56,-2.4885141268712335e+87,-1.8006713912779876e+58
-1.356309377039969e+57,-8.285647497580355e+87,-4.0185442561388976e+58
-2.4615824076597477e+57,-2.759556285097066e+88,-9.062433939356216e+58
-4.3600452843265104e+57,-9.602455076193887e+88,-2.0780572164972225e+59
-8.276216005029949e+57,-3.1046100200974425e+89,-4.536293802215544e+59
-1.539627806444091e+58,-1.0374492540062117e+90,-9.748479259970646e+59
-3.069457496445712e+58,-3.5911869843930057e+90,-2.1853366544714705e+60
-6.116570485069781e+58,-1.2517004239601517e+91,-5.3181782109702976e+60
-1.2650195886603278e+59,-4.449466130503e+91,-1.2549639280278124e+61
-2.695309655444567e+59,-1.5468968693024946e+92,-2.9971329893589916e+61
-5.764941592457368e+59,-5.372165814678073e+92,-6.946312801750162e+61
-1.223943806587678e+60,-1.7898933462575065e+93,-1.6066566697846198e+62
-2.9116375151260716e+60,-6.504917641003865e+93,-3.7685410236668487e+62
-6.470815854623672e+60,-2.2769491546801755e+94,-8.69485303133167e+62
-1.3800799202809985e+61,-7.829324949254304e+94,-2.0593865082264276e+63
-3.147223412570993e+61,-2.6444990617699154e+95,-4.5820755818711055e+63
-7.128404663795976e+61,-8.878753458215417e+95,-1.0277031449776299e+64
-1.6802126571780942e+62,-3.0579368465932564e+96,-2.4567847674538433e+64
-3.827286474225613e+62,-1.041096154241981e+97,-5.850966480609455e+64
-8.55729255874215e+62,-3.5956286813202695e+97,-1.6326226953600166e+65
-1.9000206582158364e+63,-1.2374305175814568e+98,-4.0185182455729933e+65
-4.115030007361819e+63,-4.153511096933814e+98,-1.0192205447969931e+66
-9.504314527301419e+63,-1.4053526396243249e+99,-2.661014315575244e+66
-2.14569290635324e+64,-4.729475990457862e+99,-6.09196465383883e+66
-4.600163559304952e+64,-1.5807368108579256e+100,-1.379696808094717e+67
-1.0005659444140461e+65,-5.625425510178447e+100,-2.8972722348903265e+67
-2.2660640648004482e+65,-2.003048497320693e+101,-6.646687717131921e+67
-4.8940775096115035e+65,-7.130932844201826e+101,-1.4600014389004476e+68
-1.12797324282307e+66,-2.3998926457196893e+102,-3.345752612827814e+68
-2.5434990175537997e+66,-8.071512134533074e+102,-8.14793299223687e+68
-5.40253159152243e+66,-2.6410454070880435e+103,-1.975824884864202e+69
-1.399885307452435e+67,-8.734623251525301e+103,-4.542429006458169e+69
-3.3285472369631816e+67,-3.125700561605762e+104,-1.1226982195653906e+70
-7.447927090907671e+67,-1.0240556031115766e+105,-2.540300553389269e+70
-1.6579889378717897e+68,-3.5196115083201427e+105,-5.916611690570827e+70
-3.7225352936938407e+68,-1.1780195963379942e+106,-1.2949853941339451e+71
-8.120404799805331e+68,-3.949875431711061e+106,-2.9864665677742173e+71
-1.8335733418672764e+69,-1.2840868179105787e+107,-7.060567932735904e+71
-4.385625025496977e+69,-4.4188131516811986e+107,-1.6990239737631911e+72
-9.672757082986432e+69,-1.5006996079247731e+108,-4.0439916403582876e+72
-2.5257744671100666e+70,-5.109220429511978e+108,-9.755360439203089e+72
-6.006172349864097e+70,-1.7953676320874284e+109,-2.3648302664808207e+73
-1.3899027636382048e+71,-5.997338961431788e+109,-6.007127735522495e+73
-3.430517102129909e+71,-2.0598241352885395e+110,-1.411443038856039e+74
-7.787742252419216e+71,-7.389416843182024e+110,-3.270439902451639e+74
-1.8488859747983603e+72,-2.433649579110461e+111,-7.76994485655849e+74
-4.167317928023251e+72,-8.076495003866856e+111,-1.8107415908151405e+75
-9.940211878802491e+72,-2.652748508306513e+112,-4.515765462312889e+75
-2.1292215699466942e+73,-9.07612153161916e+112,-1.066270099651327e+76
-4.9077561229830176e+73,-3.0690765379401862e+113,-2.4349857733333465e+76
-1.0541247771050166e+74,-1.0625904031066307e+114,-5.328760071461303e+76
-2.3999140078153803e+74,-3.679007278396179e+114,-1.1355467815135319e+77
-5.759335431652313e+74,-1.2298350300609984e+115,-2.375393537639847e+77
-1.3678451934660585e+75,-4.157044765255658e+115,-5.023310593581175e+77
-3.1681833415621688e+75,-1.4925426099648208e+116,-1.0094652648564044e+78
-7.679510532557894e+75,-5.2691171103514636e+116,-2.112221803897635e+78
-1.7623546264798114e+76,-1.8542835015766278e+117,-4.520615896274645e+78
-3.9531905979644856e+76,-6.431648555681517e+117,-9.365533920664665e+78
-9.208824886568576e+76,-2.2623328291421736e+118,-2.35218537001517e+79
-2.1901347531534033e+77,-7.688245147521466e+118,-5.059453123605168e+79
-5.046082598865734e+77,-2.6561809038804147e+119,-1.1038272000397714e+80
-1.1598096141199858e+78,-9.249731878003963e+119,-2.479408075697632e+80
-2.927282914508171e+78,-3.300235867961456e+120,-5.729988927167817e+80
-6.857855164748853e+78,-1.1803414388348815e+121,-1.253054722153526e+81
-1.686818405337586e+79,-4.155029777583958e+121,-2.9211195847103326e+81
-4.00745147425414e+79,-1.441276121165571e+122,-7.122622961285682e+81
-9.389848352336007e+79,-5.245434683515755e+122,-1.865484997300232e+82
-2.3138206665943098e+80,-1.8989528735480478e+123,-4.3044279377212774e+82
-5.477335936683649e+80,-6.517112905831088e+123,-1.0531139958967829e+83
-1.3608723966766607e+81,-2.295639130226501e+124,-2.539001286371396e+83
-3.17858339706303e+81,-8.163393804648486e+124,-5.738198366536924e+83
-7.963478552271538e+81,-2.7503082828821872e+125,-1.3488414731069182e+84
-1.895217452109748e+82,-9.72974275830721e+125,-2.9721809074906606e+84
-4.640747817481605e+82,-3.2496964542619215e+126,-6.533156627601095e+84
-1.1127281380095556e+83,-1.1730766650818962e+127,-1.5664240088677743e+85
-2.654882421444245e+83,-4.07492221317437e+127,-3.710585352177253e+85
-6.114587904390074e+83,-1.47645209215774e+128,-8.91032550428467e+85
-1.4149172610241097e+84,-4.677548767280931e+128,-2.2138095742669909e+86
-3.18604902911534e+84,-1.679750634116152e+129,-5.109517751007792e+86
-7.373394960231907e+84,-5.470190505052854e+129,-1.1138523357840147e+87
-1.74786504336141e+85,-1.931038191564214e+130,-2.505185328379713e+87
-3.8640037691644525e+85,-6.885111089919928e+130,-5.6022992994361285e+87
-9.185040502351051e+85,-2.3932606159871138e+131,-1.13850288449252e+88
-2.3645550647252026e+86,-8.59129502775112e+131,-2.5830559397044137e+88
-5.761897816810854e+86,-3.116574352354743e+132,-5.180488727358657e+88
-1.3079694512307323e+87,-1.047613332488474e+133,-1.0774398009906297e+89
-3.157575365732244e+87,-3.7030704244108476e+133,-2.3335057236999058e+89
-7.4177769433475845e+87,-1.2487735114053006e+134,-4.967358622279178e+89
-1.643049830367442e+88,-4.1855163298135066e+134,-1.063899028862035e+90
-3.7460352208149605e+88,-1.4200206985328797e+135,-2.305630639559821e+90
-8.805995286009209e+88,-5.074936109504067e+135,-5.569159738008242e+90
-1.945576469064041e+89,-1.6912078082307426e+136,-1.3049481593027535e+91
-4.3232186510817346e+89,-6.003538091165614e+136,-2.9169459247441002e+91
-9.758236301927574e+89,-2.1010189317182313e+137,-6.905205594311613e+91
-2.303808233175243e+90,-7.564828880327986e+137,-1.6235454313734006e+92
-4.946345733367241e+90,-2.5220346075399932e+138,-4.073840682408832e+92
-1.0568500470222737e+91,-8.933380073053221e+138,-9.500197807751984e+92
-2.278399505077306e+91,-3.0683735421791944e+139,-2.1602535793772677e+93
-5.071450375486544e+91,-1.01143831081813e+140,-4.882286053498939e+93
-1.1261510970987225e+92,-3.6052927923244106e+140,-1.1729175243107673e+94
-2.5392130660321404e+92,-1.1928322771402858e+141,-2.6721542685048307e+94
-5.942181653821502e+92,-4.1862206390035265e+141,-5.976056595122004e+94
-1.3433325854093626e+93,-1.2929239211260515e+142,-1.48052542419979e+95
-2.885894812983499e+93,-4.1941706412244445e+142,-3.2664142204167357e+95
-6.816239457766786e+93,-1.434206968082348e+143,-7.465844302815395e+95
-1.5949047493842871e+94,-4.827790685814246e+143,-1.6586664546253347e+96
-3.595468282061349e+94,-1.707911067162032e+144,-3.6699202342372878e+96
-8.460215060890351e+94,-5.395954247042894e+144,-9.020092378047097e+96
-2.0265054138968644e+95,-1.7681768020628555e+145,-1.9278915930359078e+97
-4.8961947284159634e+95,-6.043491008391517e+145,-4.385011425594548e+97
-1.0835263548941183e+96,-2.0600946900400293e+146,-1.0987564134337614e+98
-2.6189072568571796e+96,-7.198569165665799e+146,-2.417394060412289e+98
-6.040248915033618e+96,-2.4819415302712178e+147,-5.2596031338211423e+98
-1.3733352836080612e+97,-8.11744362009831e+147,-1.2505874308679318e+99
-3.1355411126687816e+97,-2.7292165024016304e+148,-2.933657353216265e+99
-7.724684814525127e+97,-9.707714239224757e+148,-6.492664860196307e+99
-1.736984724087815e+98,-3.5332510569604102e+149,-1.4777282841457694e+100
-4.02965938082041e+98,-1.266533982114838e+150,-3.7579977796075545e+100
-9.02498418253205e+98,-4.4268008996843084e+150,-8.520350917928887e+100
-2.0210460859805816e+99,-1.5745505889125157e+151,-2.2340444039397822e+101
-4.380624304795421e+99,-5.348501197089638e+151,-5.752831340242351e+101
-1.001107770341461e+100,-1.7736389242511702e+152,-1.376670644111993e+102
-2.2268794325736003e+100,-6.301089247816959e+152,-3.194046890589126e+102
-4.808203526701687e+100,-2.1062785925297484e+153,-8.043494199750419e+102
-1.0417781290866821e+101,-7.029684131985363e+153,-1.934386043382637e+103
-2.3449596738757086e+101,-2.2853472105619e+154,-4.64584719901023e+103
-4.8258826012077585e+101,-8.039605543864888e+154,-1.0883457560661633e+104
-1.1050019520123864e+102,-2.713143564092537e+155,-2.413129344907573e+104
-2.45174016672925e+102,-1.093134074715487e+156,-5.6300647586751365e+104
-5.195059075773546e+102,-3.714463143976783e+156,-1.2858220141147955e+105
-1.1919898534540325e+103,-1.3223417764737362e+157,-2.763585962808547e+105
-2.729306328023493e+103,-4.3382596004268976e+157,-6.074396878176276e+105
-6.3760316070342896e+103,-1.5276358915646797e+158,-1.4008494113946299e+106
-1.3849364086465588e+104,-5.100332737228899e+158,-3.3262415477873126e+106
-3.3077531165144644e+104,-1.7365399230894525e+159,-7.572028232448077e+106
-7.141868124952197e+104,-5.973375732168813e+159,-1.675574383137072e+107
-1.633624523284444e+105,-1.9815186369040346e+160,-4.049392002124665e+107
-3.860938659748496e+105,-6.550392714396793e+160,-9.824971809530474e+107
-9.296310160973468e+105,-2.1509730267081341e+161,-2.377270568844829e+108
-2.0408982873252144e+106,-7.332997593125547e+161,-5.520632869302556e+108
-4.891481693794813e+106,-2.3977029126291983e+162,-1.378679496126057e+109
-1.0926207774930865e+107,-8.47097097435617e+162,-3.385798728410574e+109
-2.4117692794955045e+107,-2.925768931881692e+163,-8.280983437026487e+109
-5.7183781568503886e+107,-1.0166860989575579e+164,-2.004039349730472e+110
-1.4826305847231842e+108,-3.3464028935562155e+164,-4.574926126249723e+110
-3.807675364147702e+108,-1.1350113491176737e+165,-1.0967332582468173e+111
-8.917608823747319e+108,-3.795711968933385e+165,-2.4019239359319523e+111
-2.2112012065170464e+109,-1.2960828548903e+166,-5.395110026593347e+111
-5.306010107205767e+109,-4.315804961053724e+166,-1.2594517584561807e+112
-1.3317250024558433e+110,-1.5201911193247116e+167,-2.76869930352034e+112
-3.0379791278557425e+110,-5.431945757408471e+167,-6.42520927596267e+112
-6.804816613265436e+110,-1.8898844400331224e+168,-1.5080518297002336e+113
-1.5395846438778764e+111,-6.771298753902998e+168,-3.513653653918777e+113
-3.37254999815466e+111,-2.4416201277601105e+169,-7.588888200903691e+113
-7.744693011824802e+111,-8.71988941553896e+169,-1.7456059091204807e+114
-1.678532428217507e+112,-3.1063789843162463e+170,-3.957085301010042e+114
-3.857730418613735e+112,-1.0794236665807327e+171,-8.88803602800947e+114
-8.227385240607373e+112,-3.7706923697131546e+171,-2.1969729045322224e+115
-1.7720295353479747e+113,-1.3173162189866896e+172,-4.930060235767417e+115
-3.813945915939112e+113,-4.288745682416649e+172,-1.0358346162644475e+116
-7.897115241787306e+113,-1.378084511831935e+173,-2.256007462981836e+116
-1.702499596387564e+114,-4.9329845045158934e+173,-5.248727425303237e+116
-3.7756270346336387e+114,-1.65916118285458e+174,-1.1671739224347785e+117
-8.403920427152572e+114,-5.7258715054613586e+174,-2.4795819931563374e+117
-2.097444733906731e+115,-1.9169372167040532e+175,-5.400333129531427e+117
-4.811657350225876e+115,-6.63643447656222e+175,-1.1475727352955584e+118
-1.1469718338392705e+116,-2.3489236901899154e+176,-2.599406707249162e+118
-2.6620605939707764e+116,-7.887742418604398e+176,-5.747030426185933e+118
-5.979520367866443e+116,-2.6746782697799093e+177,-1.2888006036677878e+119
-1.3327141042110953e+117,-8.876284420230002e+177,-3.1012857962265015e+119
-3.238211756011043e+117,-3.0576110248601142e+178,-6.526300292568879e+119
-7.257700863819681e+117,-1.0434357665115043e+179,-1.397373335987787e+120
-1.615330411769751e+118,-3.5851986655252447e+179,-3.4508845497856457e+120
-4.084679302229852e+118,-1.2414516245087379e+180,-7.615399645036407e+120
-1.005679178907356e+119,-4.186963842876035e+180,-1.6252152265776463e+121
-2.2406699346506687e+119,-1.4510997239855036e+181,-3.782366618829008e+121
-5.109728926948724e+119,-4.810347546585783e+181,-8.123759733209699e+121
-1.1465696182787695e+120,-1.600029422098673e+182,-1.9081158568731374e+122
-2.5145919029277535e+120,-5.2208698222709705e+182,-4.503455216018474e+122
-6.70861255272279e+120,-1.714783633495962e+183,-1.1137864307379306e+123
-1.6285437025863767e+121,-5.783391621850106e+183,-2.5702932742961225e+123
-3.7915349626978865e+121,-1.9696382952547405e+184,-5.514220982898746e+123
-8.622689389221907e+121,-7.03834145181257e+184,-1.210803242938732e+124
-2.0398017836212012e+122,-2.3772300113909232e+185,-2.723948672737116e+124
-4.2247624655514e+122,-8.486458926128068e+185,-5.7596866997047925e+124
-9.525505494309495e+122,-2.9033477712909466e+186,-1.2596187753825202e+125
-2.0381540483498912e+123,-1.0251155637052471e+187,-2.7446119813260425e+125
-4.524401615093086e+123,-3.4574735287033597e+187,-5.942847890425763e+125
-9.599352669396085e+123,-1.1955072927449083e+188,-1.2798383778670164e+126
-2.2779654505151544e+124,-4.174572900178517e+188,-2.805931371904188e+126
-5.19033613536262e+124,-1.3712256827298758e+189,-5.954413662153844e+126
-1.3711527612874974e+125,-4.640809077362865e+189,-1.2880554694575076e+127
-2.970403771719266e+125,-1.600437662748787e+190,-2.728489752641464e+127
-6.691353927453086e+125,-5.422151748934845e+190,-6.003210699674386e+127
-1.4165197207653585e+126,-1.860972477457721e+191,-1.252453314071603e+128
-3.414444262995043e+126,-6.13420916223461e+191,-2.8058109971866125e+128
-8.396054090133342e+126,-2.0315376551591743e+192,-6.178303960893751e+128
-2.0392865010611138e+127,-7.021482889538121e+192,-1.3820227272906636e+129
-4.865159372042375e+127,-2.4214229015146278e+193,-3.1317870295510123e+129
-1.1224395655642467e+128,-8.489295971187222e+193,-7.449746303950763e+129
-2.5704142576678835e+128,-2.9984391552090554e+194,-1.6507223250278022e+130
-5.916246175746584e+128,-1.0337812778840163e+195,-3.853605801794722e+130
-1.3566818774646307e+129,-3.6314728287948245e+195,-9.318889721947268e+130
-2.9374839867130467e+129,-1.3127326289176166e+196,-2.0598018159175238e+131
-7.122638863423799e+129,-4.4528244311561385e+196,-4.688401074884301e+131
-1.6858466558936286e+130,-1.574830488248488e+197,-1.1312972598668012e+132
-3.976191771085277e+130,-5.41389276949543e+197,-2.825694817930892e+132
-9.35151094637005e+130,-1.802816496393344e+198,-6.287685372391208e+132
-2.120473583648264e+131,-6.243529753115497e+198,-1.4923014235930009e+133
-4.853214371906772e+131,-2.1817050148606033e+199,-3.2787514861571716e+133
-1.1241674335023416e+132,-7.099281346031134e+199,-7.68192700556385e+133
-2.4883915059864784e+132,-2.5352835532820026e+200,-1.709341186168212e+134
-5.971469234521655e+132,-8.607191860534154e+200,-3.854274449725062e+134
-1.359068810890465e+133,-2.8506823281562395e+201,-9.237396079097786e+134
-3.0920116122886307e+133,-9.601226954508848e+201,-2.186623290104857e+135
-7.493444650194286e+133,-3.1754856848702584e+202,-5.050769426182868e+135
-1.6857190359295495e+134,-1.1252470744001033e+203,-1.171919185362447e+136
-4.4978159934759736e+134,-3.9857919172963306e+203,-2.667189704600205e+136
-1.0511319284110669e+135,-1.5242274973975392e+204,-5.875554747883753e+136
-2.887844549148754e+135,-5.404101781403456e+204,-1.3158960471010996e+137
-7.25113288832823e+135,-1.8691283887278906e+205,-2.7341589896541052e+137
-1.8219124022871924e+136,-6.422263063406871e+205,-6.640816848587432e+137
-4.658018230094592e+136,-2.2606400600897617e+206,-1.5101088865222757e+138
-1.29884977150043e+137,-7.81031786489385e+206,-3.527782618078971e+138
-3.2940747607691786e+137,-2.635123773918808e+207,-8.359480960249667e+138
-8.54883457508722e+137,-8.76765152423284e+207,-1.9785027624680385e+139
-2.0792026305439065e+138,-3.145698650151988e+208,-4.7163602883175225e+139
-4.664277951191555e+138,-1.0710115065538231e+209,-1.1071736399009377e+140
-1.0683724958951797e+139,-3.808425150338494e+209,-2.854969081506821e+140
-2.5925982016812577e+139,-1.2503876522976929e+210,-6.506698576694573e+140
-5.900674891001494e+139,-4.2549979488754194e+210,-1.488398508764611e+141
-1.526792468323122e+140,-1.56698537901666e+211,-3.176149720566386e+141
-4.035210904180321e+140,-5.311884011326433e+211,-6.815929340610017e+141
-1.0096228583333693e+141,-1.841408510404574e+212,-1.6068715583520617e+142
-2.494019599177734e+141,-6.3071926148399605e+212,-3.5901372121310146e+142
-5.772677465655635e+141,-2.1472583291139502e+213,-7.976239561247917e+142
-1.291458009355005e+142,-7.545206581929394e+213,-1.7417825459028886e+143
-3.158633034943643e+142,-2.550318116746358e+214,-3.823976760272434e+143
-7.637407450157307e+142,-8.492927804702485e+214,-7.93394178377525e+143
-1.767965684615449e+143,-2.8266645895015264e+215,-1.6670355262932545e+144
-4.14569970391759e+143,-9.617276893327789e+215,-3.590366237561158e+144
-9.345392109358804e+143,-3.3336629615828765e+216,-7.70369956952525e+144
-2.3820116014102157e+144,-1.1354492534822362e+217,-1.8673210930800216e+145
-5.1914312828041366e+144,-3.9142907449142644e+217,-4.0256483352569964e+145
-1.1270476191480661e+145,-1.3542505010212344e+218,-9.323085363259031e+145
-2.710611570735593e+145,-4.647293214885741e+218,-2.0655224967682156e+146
-5.95956326328091e+145,-1.627658505152871e+219,-4.753104446035938e+146
-1.4791675584209083e+146,-5.610492207693943e+219,-1.2529620527552215e+147
-3.5969843478845756e+146,-1.8516967872575325e+220,-3.0621111245409438e+147
-8.535743234149833e+146,-6.2961429211826e+220,-7.062498422473273e+147
-1.919746806658553e+147,-2.1130190108701376e+221,-1.7281757229543057e+148
-4.419831466345227e+147,-6.7592530325535755e+221,-3.871987784380251e+148
-9.381689071620691e+147,-2.2478872651958208e+222,-9.079744580039702e+148
-2.0396277547342063e+148,-7.550780429338465e+222,-2.252931728067788e+149
-4.244309786340697e+148,-2.5981559945448444e+223,-5.719086327320723e+149
-8.745637147936715e+148,-7.99167262672402e+223,-1.3082959158337175e+150
-1.7954505920081844e+149,-2.6262435852615725e+224,-3.3240025831657524e+150
-3.5863879846107164e+149,-9.043629243099096e+224,-7.80847623939476e+150
-7.467028370555316e+149,-3.2481441262405306e+225,-1.853441008276802e+151
-1.6836481900310332e+150,-1.1404682466263618e+226,-4.4602271574609526e+151
-3.665516615126756e+150,-3.800195338980429e+226,-9.826545448783222e+151
-8.627989116694947e+150,-1.2907482612232655e+227,-2.349146212613728e+152
-1.886070431390373e+151,-4.170104065969346e+227,-5.419555825407381e+152
-4.3078014787569314e+151,-1.4210113478872045e+228,-1.1789924730996794e+153
-9.596216758854938e+151,-4.896879615892419e+228,-2.5229505439890517e+153
-2.3395037216229545e+152,-1.6165203563801778e+229,-5.69186871751238e+153
-5.388365600905775e+152,-5.683624595850866e+229,-1.2384204504242054e+154
-1.2580148257951755e+153,-2.0712154650239674e+230,-3.16547184006903e+154
-2.9577409882681777e+153,-7.1554136338187055e+230,-7.698144322198161e+154
-7.052806431566779e+153,-2.535683466065238e+231,-1.7069923151008436e+155
-1.5862935123447672e+154,-8.479299191631667e+231,-4.547793333865319e+155
-3.4139582835345693e+154,-2.9359719161285934e+232,-1.0978384487842985e+156
-7.887040504563722e+154,-1.0296405738658905e+233,-2.7219903974236283e+156
-1.8224732496278558e+155,-3.7489908135234116e+233,-6.9657822691289e+156
-4.0744678122551467e+155,-1.3024768820491326e+234,-1.7499933528562103e+157
-8.835896539844627e+155,-4.6708436609924215e+234,-4.1993417475298075e+157
-1.961606655715708e+156,-1.562929816828808e+235,-9.664461337286864e+157
-4.608690988538322e+156,-5.465350946033006e+235,-2.5319867943205745e+158
-1.0047186623796244e+157,-1.929597902893257e+236,-5.787318498139492e+158
-2.1909376774216214e+157,-6.855580632968585e+236,-1.3223488495605593e+159
-4.7925223056826425e+157,-2.382006170552814e+237,-3.1447119946875582e+159
-1.1356698199077166e+158,-8.109820403039751e+237,-7.720096338501287e+159
-2.4676805623197816e+158,-2.787343906622187e+238,-1.6929569032648005e+160
-5.280957315282771e+158,-9.904758665051385e+238,-4.0927198910757744e+160
-1.2381140622813148e+159,-3.237758045598013e+239,-9.729608113114868e+160
-2.9273332469872735e+159,-1.093006682822123e+240,-2.3163756893461834e+161
-6.7202404027452844e+159,-3.637850343402449e+240,-5.782898715699748e+161
-1.4503849613432547e+160,-1.2072501125860355e+241,-1.507730334455054e+162
-3.18476080043381e+160,-3.991275514395544e+241,-4.1191214855850715e+162
-7.019676700054463e+160,-1.3292116057260104e+242,-1.0129186071765701e+163
-1.7430410509356546e+161,-4.572257391767888e+242,-2.3016985052821094e+163
-4.160986784146631e+161,-1.5530443945186376e+243,-5.550941954707118e+163
-1.0313414379309502e+162,-5.496567316906461e+243,-1.2172336037527563e+164
-2.398826913566536e+162,-1.9572963698377977e+244,-2.6766584415774705e+164
-5.5887418488675236e+162,-6.430138934490376e+244,-6.287289579731536e+164
-1.2031029356160333e+163,-2.1440783550400503e+245,-1.4665382956792828e+165
-2.7830331989608372e+163,-7.504708812905005e+245,-3.2416126825167033e+165
-6.637879740213094e+163,-2.574182787583513e+246,-7.75647870691575e+165
-1.5021835491493923e+164,-8.331860436111812e+246,-1.8322453513012136e+166
-3.3752713630715336e+164,-2.789677952715369e+247,-4.69703062300795e+166
-7.734267482904408e+164,-9.440904669178441e+247,-1.1357667618671824e+167
-1.8851785455450336e+165,-3.1669762080075565e+248,-2.6491469039843434e+167
-4.017457544342159e+165,-1.0508957101905659e+249,-6.798841325876467e+167
-1.0098506506689592e+166,-3.572667690470986e+249,-1.5910943033212653e+168
-2.4010640061488368e+166,-1.2520665589674039e+250,-3.809389522045066e+168
-5.247047159499578e+166,-4.204590107480654e+250,-8.54226873658918e+168
-1.130024392770661e+167,-1.4342455515078138e+251,-1.831040981329295e+169
-2.556460105904381e+167,-5.146068839125512e+251,-3.8599245812003285e+169
-6.093646350827146e+167,-1.8435449099329137e+252,-8.667664771751e+169
-1.420288388353479e+168,-6.593192468403089e+252,-1.9001475974574286e+170
-3.180230766312282e+168,-2.1900999052198687e+253,-4.0844835818127316e+170
-6.919821374579093e+168,-7.406839524985759e+253,-8.745732134697976e+170
-1.62104671646231e+169,-2.4609444803515473e+254,-1.8883032075229892e+171
-3.386287470128896e+169,-8.623325988428814e+254,-4.076088180267914e+171
-7.885675051672476e+169,-2.8416557044349442e+255,-9.067207980651963e+171
-1.7556084963049653e+170,-9.476035204273287e+255,-1.9157401538983575e+172
-3.951223077550592e+170,-3.0661832091265446e+256,-4.2405196630622966e+172
-8.822012208789049e+170,-1.0908257285377262e+257,-8.811026468828472e+172
-1.988947898379774e+171,-3.7965732630728306e+257,-1.8739103125154125e+173
-4.4023205436892415e+171,-1.3455311653623492e+258,-4.6941599783152706e+173
-9.73279594101176e+171,-4.753999673558058e+258,-1.1067439127383048e+174
-2.146074145365628e+172,-1.636350453723277e+259,-2.6040550872270705e+174
-4.6552952087871334e+172,-5.5015242081063615e+259,-6.493916328384435e+174
-1.0234359391184743e+173,-1.858858247991998e+260,-1.5454311659774412e+175
-2.251618216737463e+173,-6.593375911237284e+260,-3.4220606361285726e+175
-4.902977030963677e+173,-2.263481508932461e+261,-7.87885186955503e+175
-1.1379129438329155e+174,-7.996176268234035e+261,-1.7444829457775736e+176
-2.4530532428137824e+174,-2.8784660652063272e+262,-3.701046258102034e+176
-6.232787184527709e+174,-1.0111139973450788e+263,-7.992235863793256e+176
-1.44904262544945e+175,-3.4694804878799143e+263,-1.764293038858344e+177
-3.413935418412349e+175,-1.2134718935729667e+264,-3.7889653036282294e+177
-7.468473095743921e+175,-4.191330959286552e+264,-8.293774665895195e+177
-1.666714444860727e+176,-1.4467801450906407e+265,-2.0185925224904892e+178
