pso,hgapso,logapso
95333078.20436816,95291335.72913551,95345838.24700741
95163384.69754536,95213501.098952,95175142.0433281
94910268.78097346,95076857.07604843,94945935.99276379
94575333.20572707,94663979.85434861,94606395.87598652
94153082.15381372,94101847.3070099,94190068.11263296
93668120.44733071,93317977.38437568,93643178.71104242
92997556.78884749,92084758.45329387,93020505.69083829
92238733.12662585,90173125.04857235,92229865.66707411
91270651.07703112,86723492.04623419,91214566.41791779
90059500.21758738,79521350.30076298,89961519.92108831
88461205.9816377,62193408.27109168,88158129.46456906
86178881.9094239,33163643.287591975,85458734.24513778
82324133.91720228,-8437559.476961631,81549602.12196545
76408837.56405847,-44231679.798918225,76736269.36410353
69945489.78251772,-65499904.05260515,70251356.39699803
62710709.92077718,-88889496.42659883,63809602.92968056
56818839.48159748,-110546200.78348374,57269967.14424491
51370662.640160464,-147012278.85968763,51444575.86781724
43416830.17827858,-258336629.7120429,48140240.607335165
31216901.495886944,-593066355.4812037,43874182.085798204
13952663.314404288,-2060046555.8512065,31803119.913462967
-17627642.765749305,-8102672072.212842,9848566.509233933
-38269886.43753509,-27080830779.247597,-6389810.654521375
-72333436.0692774,-90144112912.18855,-20416317.563843466
-207731035.53118265,-321577747944.49084,-42018125.67047316
-521111510.68046963,-1273351590020.0522,-72010475.50171295
-1224799092.7395823,-4227776504060.622,-140737655.9473297
-2865488509.0991144,-15767926526608.652,-309608131.2387559
-6393839631.609477,-50428226890950.75,-723486250.008678
-13463107644.325787,-144634441463518.78,-2000744249.039146
-28959660090.272675,-555170059867243.4,-5063034717.527443
-66604272177.76622,-2039259739462180.8,-12980324191.605915
-147950042101.04102,-6265721523692350.0,-33267312094.585747
-367715954360.3818,-1.9679389455373176e+16,-85613693772.37471
-878750843872.0846,-6.415274691180819e+16,-216848243533.94742
-2079780094893.177,-2.105836691353324e+17,-514865348100.3167
-5109615430439.025,-6.95105524949157e+17,-1284859256585.103
-11756581253620.531,-2.5725987995103017e+18,-3143659548281.5024
-27272062257490.008,-9.089742061283195e+18,-7254813842300.342
-63775538080303.11,-2.903550045805695e+19,-17424261156037.375
-146259903013412.53,-9.157581259211722e+19,-41950051569198.69
-345269421050711.6,-3.096115768515649e+20,-97225644071038.3
-797505608661185.9,-1.0898171608205368e+21,-214880060304779.66
-2031099839633857.5,-3.5524891058102615e+21,-456290299604062.7
-5085001412309526.0,-1.1720796993717034e+22,-978834284781526.0
-1.2237973094447876e+16,-3.6610568744721514e+22,-2231697672748046.0
-2.6843097143171324e+16,-1.2649149937076257e+23,-4915723350547098.0
-5.979257908831689e+16,-4.5818113984282284e+23,-1.0042468652406214e+16
-1.2318901147493752e+17,-1.630675905921835e+24,-2.0849499978625148e+16
-2.4024289996437024e+17,-5.430400317179052e+24,-3.700435312977008e+16
-4.982733823052378e+17,-1.7333585113318732e+25,-7.248938889830125e+16
-1.0290181144976668e+18,-5.9810014413223555e+25,-1.487381096285011e+17
-2.129079828879599e+18,-1.9671378372290183e+26,-2.7282857750302176e+17
-4.554482596875828e+18,-5.8134153611365965e+26,-5.018512329796282e+17
-1.0160825859881107e+19,-1.8890109400337326e+27,-1.0114454979643214e+18
-2.135395196421691e+19,-6.584746739723774e+27,-2.2954386525516767e+18
-4.6054775310725325e+19,-2.2120789170671667e+28,-4.78121449886391e+18
-9.893667164562081e+19,-7.31504521707512e+28,-9.514391288432415e+18
-2.1818287220116485e+20,-2.4145217596593554e+29,-2.0293022208667197e+19
-5.4566898308030595e+20,-8.31432500892717e+29,-4.110172681611506e+19
-1.304938312706374e+21,-2.7210006481191e+30,-7.805607151658294e+19
-2.892230593040689e+21,-9.450588722461883e+30,-1.817226222564688e+20
-5.916454765529343e+21,-3.2851544430993743e+31,-3.749761824433149e+20
-1.303210552349897e+22,-1.1101720016062487e+32,-7.586233911365384e+20
-2.6728527839881236e+22,-3.4463232299277675e+32,-1.4378953785187372e+21
-5.881466406666654e+22,-1.2077320489988658e+33,-2.7089290471021064e+21
-1.1385737016539253e+23,-4.034701625675458e+33,-5.206132229519826e+21
-2.2071920910568174e+23,-1.3227346138703903e+34,-1.0262358552314714e+22
-4.429689845997827e+23,-4.667718864901014e+34,-2.059254482227795e+22
-9.654429484150267e+23,-1.6135673965616788e+35,-4.209167057297697e+22
-2.0742390107707042e+24,-5.7489186249000004e+35,-9.79343103024246e+22
-4.801558642427725e+24,-2.0578547096492686e+36,-2.1578900412213567e+23
-1.0474221607343077e+25,-7.049254903535958e+36,-4.6193057838059665e+23
-2.2830207791554115e+25,-2.433379142789506e+37,-1.1178378235698897e+24
-4.752042267469585e+25,-8.7148193582627e+37,-2.6118126426433254e+24
-1.0209129152895409e+26,-2.9225253621093735e+38,-6.483278112340811e+24
-2.3741401177151152e+26,-1.0374557112835318e+39,-1.3885261247085232e+25
-5.419142401426741e+26,-3.544658170117916e+39,-3.038634969681824e+25
-1.2646132869276793e+27,-1.2314784286433937e+40,-6.770739605708718e+25
-2.802320167923171e+27,-4.3466922417837536e+40,-1.6086145769173575e+26
-5.909117111332042e+27,-1.4236065346361645e+41,-3.37173618729823e+26
-1.344421305780167e+28,-4.746149258144585e+41,-7.566396985064546e+26
-3.185227406908068e+28,-1.6250509947909558e+42,-1.6009471120471163e+27
-7.585184757692784e+28,-5.5043510388040916e+42,-3.6697819225197316e+27
-1.7690279627850445e+29,-1.8729281703908975e+43,-7.760042858356653e+27
-3.81954525429439e+29,-5.909334490071429e+43,-1.534211253646161e+28
-8.108385856093021e+29,-1.985906353847505e+44,-3.4439050176341064e+28
-1.8759650741747363e+30,-6.483975705352314e+44,-7.119136218208252e+28
-4.3501481010077183e+30,-2.0691522718854323e+45,-1.637234245535151e+29
-9.319805873356073e+30,-6.973869852616678e+45,-3.424253926363824e+29
-2.0322457004833304e+31,-2.1654478670206785e+46,-7.102347691749014e+29
-4.671592404296643e+31,-7.605474773481944e+46,-1.5408108212478423e+30
-1.0770591671777589e+32,-2.4420485627049434e+47,-2.899623807363404e+30
-2.426163388222607e+32,-8.121913339415252e+47,-6.906012914512621e+30
-5.989439266283961e+32,-2.8616370022166304e+48,-1.5474458280310062e+31
-1.4788856230271364e+33,-9.589244109399606e+48,-3.8501120980471814e+31
-3.7723663512370684e+33,-3.116410421746892e+49,-8.93863625611806e+31
-8.848092406840698e+33,-1.001570248218765e+50,-1.974992973939488e+32
-2.163897496998518e+34,-3.405767161115294e+50,-4.455615902591046e+32
-4.742875261061527e+34,-1.2239817503079939e+51,-9.552283796438793e+32
-1.0679896709387794e+35,-4.206721257068964e+51,-2.1416716772048179e+33
-2.2655531595860705e+35,-1.4958375051456994e+52,-5.022315653479222e+33
-4.858395901790615e+35,-5.067919488074533e+52,-1.0716121296625218e+34
-9.596793812587456e+35,-1.7243353023833982e+53,-2.652554524160647e+34
-1.9007487971598125e+36,-6.020982687912159e+53,-5.815091133636874e+34
-3.898080533251383e+36,-1.9998310045326625e+54,-1.2272024549841416e+35
-7.778375776149976e+36,-7.0749665663925e+54,-2.944200502296851e+35
-1.6853078161540669e+37,-2.3912333622415906e+55,-6.11458399929594e+35
-3.515166488035871e+37,-8.281288366211373e+55,-1.3350466362927482e+36
-7.403389250552889e+37,-2.8093088570776704e+56,-2.8942808017375396e+36
-1.826783187733586e+38,-9.734361360802253e+56,-7.034059874104024e+36
-4.2836460502348324e+38,-3.4134972124351405e+57,-1.5366245487373115e+37
-1.0105856052173273e+39,-1.1660641782651083e+58,-3.4649853340941075e+37
-2.443654683784045e+39,-3.787209752340691e+58,-7.141996390582181e+37
-4.57871447719907e+39,-1.3078065818071712e+59,-1.9130574295068713e+38
-9.380632846135657e+39,-4.466206227380953e+59,-4.252819530139626e+38
-2.207138012391753e+40,-1.4788478948609796e+60,-9.42203918644568e+38
-5.019117185063261e+40,-5.034375624662923e+60,-2.1108946599138848e+39
-1.0463307341903634e+41,-1.6539852380023913e+61,-4.3565170199840746e+39
-2.286422650631603e+41,-5.390323889329332e+61,-1.0085702543152952e+40
-4.68077195505397e+41,-1.8809909819493285e+62,-2.150975415274188e+40
-9.291364852105871e+41,-6.452477045638372e+62,-5.080681899557448e+40
-1.7915358965902794e+42,-2.2563340940454326e+63,-1.0801794816434648e+41
-3.5662229618427734e+42,-7.823319769571976e+63,-2.4889665317115905e+41
-7.176624797210965e+42,-2.5776587663278529e+64,-5.7757631963803514e+41
-1.4397926780420108e+43,-8.330326896567267e+64,-1.3208269772955057e+42
-2.7385269605178423e+43,-2.8195097394025056e+65,-3.005276676472622e+42
-5.724286446314806e+43,-1.0208449232680038e+66,-6.804843679556414e+42
-1.3224183929546655e+44,-3.2995943993071432e+66,-1.444062234742205e+43
-2.701233289558807e+44,-1.1527732266705087e+67,-3.3567607084289133e+43
-5.472073970448841e+44,-3.965150727842334e+67,-7.575426803738106e+43
-1.2000267580426728e+45,-1.360215747431192e+68,-1.6627810265976215e+44
-2.493460191109905e+45,-4.806796553319164e+68,-3.749023126641359e+44
-5.4306382157250255e+45,-1.6854974673048826e+69,-8.611468918504408e+44
-1.1629622172090975e+46,-5.1965574193134205e+69,-2.0014413893981878e+45
-2.413696536327917e+46,-1.816499930725499e+70,-4.6295373362378284e+45
-5.5340297629926e+46,-5.77514192957824e+70,-1.0042995254668778e+46
-1.1888404412539774e+47,-1.9178261854339455e+71,-2.3818724882008253e+46
-2.691017527945346e+47,-6.546315986695512e+71,-5.512453650509999e+46
-6.459661707066668e+47,-2.2631344819720363e+72,-1.3488028821218677e+47
-1.4099155929215432e+48,-7.804226574085743e+72,-3.2646909043453107e+47
-3.154604934702082e+48,-2.7128500260268868e+73,-7.28231551153224e+47
-7.261729996652336e+48,-9.470487419925378e+73,-1.7268464767239056e+48
-1.5376648278777375e+49,-3.3083688604630585e+74,-4.2748777991111526e+48
-3.4288279881970613e+49,-1.1048759811878745e+75,-9.730299716881955e+48
-7.213699799128477e+49,-3.5351197448834707e+75,-2.2998758635643647e+49
-1.5156566492700384e+50,-1.229804291708152e+76,-5.190482800204441e+49
-2.7708844591823486e+50,-4.255081719558984e+76,-1.1656127678125556e+50
-4.79064299539963e+50,-1.4204609429243753e+77,-2.5200595123187784e+50
-8.909988046570306e+50,-4.684244262506863e+77,-5.51196580370774e+50
-1.9093926420053373e+51,-1.6471271968960997e+78,-1.2156764433073222e+51
-4.097162497986036e+51,-5.649164023608967e+78,-2.6412665690989786e+51
-8.904376191517286e+51,-1.8122986486882964e+79,-6.203180263170336e+51
-1.754048367930122e+52,-6.016716388835311e+79,-1.3609107511180791e+52
-3.653980099162996e+52,-2.1466141503917653e+80,-3.092894096511465e+52
-8.231270403470207e+52,-7.452817184393401e+80,-7.006372591275325e+52
-1.8942926160773258e+53,-2.534723961193391e+81,-1.4942143978616979e+53
-3.983050929650916e+53,-8.790489227806922e+81,-3.1897849981134547e+53
-8.222791101668254e+53,-3.0032885075313458e+82,-7.056410759355313e+53
-1.8460088170100486e+54,-1.0454039618524891e+83,-1.5680237838534768e+54
-4.101557435968625e+54,-3.478031694893689e+83,-3.541576081622609e+54
-9.133192132733558e+54,-1.169904474821988e+84,-8.344650033314737e+54
-1.876274208030071e+55,-3.7775949689176786e+84,-1.833537769255625e+55
-3.7769808150649633e+55,-1.3001652066289712e+85,-4.075868563106507e+55
-8.968884551065818e+55,-4.597838256952821e+85,-8.98568813394938e+55
-1.892041904749684e+56,-1.6115443995254216e+86,-1.9113373660073915e+56
-4.432792294590343e+56,-5.801412386387972e+86,-4.007517344173703e+56
-1.0239415348446379e+57,-1.9515685158081217e+87,-7.776331025350141e+56
-2.4276183570326538e+57,-6.712808600772791e+87,-1.629264481926251e+57
-5.6564721615558095e+57,-2.3270025357005244e+88,-3.4286203934156724e+57
-1.2092620370124567e+58,-7.651447178284686e+88,-8.233054712753174e+57
-2.752947955882427e+58,-2.644879273827711e+89,-1.7809121959563236e+58
-6.239868816381303e+58,-9.103453994816643e+89,-3.87703753786869e+58
-1.2305217829300783e+59,-3.1140825461625195e+90,-7.831046653062357e+58
-2.3011695957086856e+59,-1.0444178165877737e+91,-1.517189511649638e+59
-4.227870285399163e+59,-3.584167777476679e+91,-2.970558839125874e+59
-8.760028390075114e+59,-1.2073692535544509e+92,-5.780934378291539e+59
-1.6914556066400397e+60,-3.964018133065628e+92,-1.2161236181475632e+60
-3.268040943355367e+60,-1.357199966081329e+93,-2.5070847737712225e+60
-6.316876462280296e+60,-4.589197616633252e+93,-5.47548218960107e+60
-1.2858921874104258e+61,-1.5885169999882855e+94,-1.1743143453497218e+61
-2.721562226987897e+61,-5.2272657947244356e+94,-2.5985378801404936e+61
-5.0022335145617563e+61,-1.8023916200090248e+95,-5.695806819158483e+61
-1.0032671015785461e+62,-5.964464212126311e+95,-1.248729688558008e+62
-1.9795850733771477e+62,-2.1160772178972814e+96,-2.7516673921126417e+62
-4.161583995082507e+62,-7.602610279477091e+96,-6.216542197378887e+62
-8.335673825660697e+62,-2.5142168439594137e+97,-1.406101948697919e+63
-1.821605398054335e+63,-7.755318622987905e+97,-3.2385664517784357e+63
-3.864982837726893e+63,-2.6708346838598162e+98,-7.023341524147264e+63
-8.019065623517148e+63,-9.165785384075692e+98,-1.6131371859608818e+64
-1.6604852937020366e+64,-3.209378853752076e+99,-3.702175247409743e+64
-3.6087637986255193e+64,-1.0784286142958513e+100,-8.279606342887306e+64
-7.845904158255591e+64,-3.774488034886243e+100,-1.8358486489493007e+65
-1.5868392269271283e+65,-1.3075628198844771e+101,-4.1924648225991166e+65
-2.9673474698435135e+65,-4.489582085848289e+101,-8.852446993256136e+65
-6.637882785145358e+65,-1.546343897847414e+102,-1.9772865711536407e+66
-1.6764816865949076e+66,-5.451903786404711e+102,-4.4575544327676314e+66
-3.748818440169098e+66,-1.8488738387797987e+103,-1.0174610899092081e+67
-8.409238560853612e+66,-6.222146872741572e+103,-2.1558059637843216e+67
-1.8909783679600966e+67,-2.079010360772902e+104,-4.538696340926566e+67
-3.666278764673202e+67,-7.410362304178405e+104,-9.453519024455647e+67
-7.361105324111153e+67,-2.468119898391668e+105,-2.0561989490202833e+68
-1.7472249012587286e+68,-8.1862733926883e+105,-4.487099208176335e+68
-4.190784206771064e+68,-2.8822869702230077e+106,-9.711188554459654e+68
-9.005380092525324e+68,-1.0415131106723212e+107,-2.0680829089532342e+69
-2.158594333962982e+69,-3.563832690383763e+107,-4.408497007673611e+69
-4.9319208199485515e+69,-1.2886800578189792e+108,-9.469637749363555e+69
-1.073761325913014e+70,-4.465312457386101e+108,-2.0127974210135587e+70
-2.4653183372652048e+70,-1.6055970801030063e+109,-4.619609549865028e+70
-5.2106474975135263e+70,-5.347135526376673e+109,-1.001533581283537e+71
-1.0905464279087596e+71,-1.8519510743994523e+110,-2.2927469554639075e+71
-2.1979591206573252e+71,-6.369568948350521e+110,-4.880915815316698e+71
-4.329796645010514e+71,-2.274468845313485e+111,-1.0272113509631567e+72
-8.80624904579833e+71,-7.689820632191536e+111,-2.373053536483588e+72
-1.947668640566417e+72,-2.5893785465060733e+112,-5.580781000945893e+72
-4.423534931388647e+72,-9.430153227732008e+112,-1.253633126672775e+73
-9.768466148966329e+72,-3.352763692603696e+113,-2.8234136911634607e+73
-2.1137334560370486e+73,-1.1275776121162655e+114,-6.396362515045748e+73
-4.5570111050953334e+73,-3.9818300005201607e+114,-1.3581420152959219e+74
-1.0186928256549221e+74,-1.306186546759872e+115,-3.122084600649154e+74
-2.2515616374527606e+74,-4.499436510761032e+115,-6.688847568700174e+74
-4.795387599966413e+74,-1.3993836883684534e+116,-1.4712388152213092e+75
-1.1172969599915782e+75,-4.677988898650944e+116,-3.146513129593843e+75
-2.5873394027876033e+75,-1.6181290684167848e+117,-6.8168183845072985e+75
-5.914529225311055e+75,-5.81509708890691e+117,-1.4484915777707832e+76
-1.3070672080286683e+76,-1.9651310880911847e+118,-3.2853741513718446e+76
-2.9837645246867145e+76,-7.08424826150912e+118,-7.437692745182538e+76
-6.26797244732669e+76,-2.5447843419555757e+119,-1.5862728846598378e+77
-1.321959398274628e+77,-8.476982407946428e+119,-3.449884083861371e+77
-2.87553919220812e+77,-3.040083163697395e+120,-7.803693153847443e+77
-6.301859436744014e+77,-1.054582671686273e+121,-1.8549000241648158e+78
-1.334157587543586e+78,-3.722434791098589e+121,-4.407600811931399e+78
-2.7208513262564946e+78,-1.2841119878164779e+122,-1.0283687282536966e+79
-5.932086683881061e+78,-4.352412733071803e+122,-2.308295247551204e+79
-1.3455011081789584e+79,-1.4867751304223863e+123,-5.272093499646136e+79
-2.910568854361085e+79,-5.2574778241981934e+123,-1.2887269295938607e+80
-6.687628503418594e+79,-1.7338120279296573e+124,-3.0402497440169626e+80
-1.3667845338345494e+80,-5.925734496836528e+124,-7.230708413934541e+80
-3.028268803922195e+80,-2.1126651402120346e+125,-1.7446656653002205e+81
-6.380561678113126e+80,-7.368105029263041e+125,-3.865651964481099e+81
-1.3562118258123212e+81,-2.5142378718674168e+126,-8.531102157889155e+81
-2.7999538965159723e+81,-9.010447472103929e+126,-1.8201832286782142e+82
-5.9061027145915845e+81,-3.0783586853576814e+127,-3.860667097840283e+82
-1.387135027604309e+82,-1.0457094978505828e+128,-8.393785408805656e+82
-3.0828634797804724e+82,-3.689670404509212e+128,-1.9499606503971437e+83
-6.682530075262561e+82,-1.2580607912583087e+129,-4.234798718033124e+83
-1.4079690394032785e+83,-4.295434491427262e+129,-9.572819480602646e+83
-2.99346209678038e+83,-1.539802149831559e+130,-2.185231748514108e+84
-6.840837735052463e+83,-5.549717055897229e+130,-4.9576537428954174e+84
-1.5629697291081406e+84,-2.002398934998491e+131,-1.105826821091495e+85
-3.40266988936977e+84,-6.96725660769997e+131,-2.3947141938702878e+85
-8.488475288704356e+84,-2.5167936869045798e+132,-5.213489216011341e+85
-1.928156052802694e+85,-8.728646932528749e+132,-1.2279721307583913e+86
-4.4045860103815534e+85,-3.0731406921047374e+133,-2.8428693075179905e+86
-9.600219171321221e+85,-1.0393387518904881e+134,-6.651941081141324e+86
-2.1651450235800497e+86,-3.603408987764379e+134,-1.5324116234306317e+87
-4.617484183750529e+86,-1.2246844266163104e+135,-3.538491593367406e+87
-1.0327007672204328e+87,-4.142499459609051e+135,-8.04740261485432e+87
-2.3833793116862995e+87,-1.3955431214965295e+136,-1.9636992872379395e+88
-5.086761881794857e+87,-4.6327583417380507e+136,-4.408401515195656e+88
-1.1358650417842924e+88,-1.579784267730599e+137,-1.0957931725607637e+89
-2.5418708604154908e+88,-5.551810254531957e+137,-2.5510677314655274e+89
-6.092434423195612e+88,-1.9107457863466242e+138,-5.851331755783862e+89
-1.3968127705517587e+89,-6.59535817471555e+138,-1.327916574868986e+90
-3.192354458350661e+89,-2.1511671775879667e+139,-2.976646413300425e+90
-7.083558830194732e+89,-7.670773669104364e+139,-7.239956905016594e+90
-1.565307099308929e+90,-2.673252624071401e+140,-1.6530757527841477e+91
-3.525473508251723e+90,-9.525923943938034e+140,-3.8440388109749926e+91
-8.15684597602018e+90,-3.114717799179202e+141,-8.64933244579425e+91
-1.947928198770207e+91,-1.0854446022028478e+142,-1.9924604094977032e+92
-4.362102274953998e+91,-3.8338666387245965e+142,-4.7093628006790456e+92
-1.0235554934551459e+92,-1.3255616070588054e+143,-1.0438525285433765e+93
-2.3596244901018593e+92,-4.3919872309094415e+143,-2.382198388003574e+93
-5.1949376840674697e+92,-1.5040328969942027e+144,-5.26179183422357e+93
-1.1422818871459428e+93,-5.137736095402454e+144,-1.1387590316823612e+94
-2.5523605434517797e+93,-1.8108338883440365e+145,-2.459268151490337e+94
-5.601536898715947e+93,-6.473787911149604e+145,-5.521356598101256e+94
-1.2876561063643832e+94,-2.3194480165818454e+146,-1.1625034289631745e+95
-2.7810524000927654e+94,-8.108831488096214e+146,-2.805921939410375e+95
-5.660522648610928e+94,-2.7567098787204745e+147,-6.492592105616965e+95
-1.3422703946537976e+95,-9.481297631910634e+147,-1.5054558385788635e+96
-3.0378696452707154e+95,-3.3241557471616805e+148,-3.5778026029339116e+96
-6.525208811613201e+95,-1.154499024206083e+149,-8.096762450606963e+96
-1.4135784264832668e+96,-3.9154778341962643e+149,-1.8809223640343346e+97
-3.0452942619000883e+96,-1.3713989513734445e+150,-4.508122356400487e+97
-6.607600084172231e+96,-4.8879680123100935e+150,-1.0505409348891132e+98
-1.4394749239315479e+97,-1.700884073876702e+151,-2.4957244597839012e+98
-3.1991612180581632e+97,-5.622504893815126e+151,-6.019677761448476e+98
-6.65096245473014e+97,-1.8670422345198866e+152,-1.4089329591976967e+99
-1.5069813434409644e+98,-6.4138137959396295e+152,-3.449223512122509e+99
-3.4351124711907283e+98,-2.2736176004379433e+153,-8.497753517713718e+99
-7.866087465587411e+98,-7.369598816002613e+153,-2.0601753393529796e+100
-1.7772427058249326e+99,-2.5921964826226448e+154,-4.8262173143810185e+100
-4.162766267515456e+99,-9.305040778879443e+154,-1.1123813323123459e+101
-9.265858500303595e+99,-3.2631320680978237e+155,-2.763545972541913e+101
-2.123409819279822e+100,-1.1260200798961672e+156,-6.680994070019527e+101
-4.658195546889243e+100,-3.952139701281189e+156,-1.5510245750038307e+102
-1.0967547357541275e+101,-1.3572547756461832e+157,-3.3491647438680163e+102
-2.432148196895578e+101,-4.654340311620228e+157,-7.795695807319625e+102
-5.949893406625755e+101,-1.5778932636752017e+158,-1.96369217340068e+103
-1.4334026208985634e+102,-5.2896461405046485e+158,-4.62803971087468e+103
-3.469919506925677e+102,-1.9050375910020463e+159,-1.2478549223941164e+104
-8.42810256365723e+102,-6.80726111191186e+159,-2.8579528773104892e+104
-1.8285201334244962e+103,-2.2225737866668908e+160,-7.000539136921893e+104
-3.816413188774178e+103,-7.861506451431123e+160,-1.6148967170611794e+105
-8.429400902590961e+103,-2.730049319948441e+161,-3.615312486833202e+105
-1.8539974739480646e+104,-9.73896724312606e+161,-8.611609110600074e+105
-3.8262761381364724e+104,-3.4064709458339816e+162,-1.9196776016741684e+106
-8.456237933311401e+104,-1.1879057773167801e+163,-4.04979833205081e+106
-1.8632101933676497e+105,-4.2061072190448805e+163,-9.10597227166012e+106
-3.9776532120851593e+105,-1.4539094378552326e+164,-2.02863225604829e+107
-9.050236613938741e+105,-4.71591178384837e+164,-4.3237634520337226e+107
-1.9030215383199407e+106,-1.609206442147196e+165,-1.0039883853854727e+108
-4.337448924731477e+106,-5.491840564571219e+165,-2.3080425002170058e+108
-9.107823071535732e+106,-1.7691455268491508e+166,-5.202681657962978e+108
-1.987038926638405e+107,-6.246393241744265e+166,-1.1543628317970744e+109
-4.554973961381583e+107,-2.1961877427716796e+167,-2.572752970639462e+109
-9.66414759767095e+107,-7.901044023045668e+167,-5.783875770411193e+109
-2.132055698244649e+108,-2.722894298655566e+168,-1.2589442783693463e+110
-4.813992023523164e+108,-9.28386817505751e+168,-2.7691927236557315e+110
-1.0202376814182612e+109,-3.056536518867408e+169,-6.179372998146352e+110
-2.2679286512131955e+109,-1.0325673333008122e+170,-1.3767614596057707e+111
-4.759840898742938e+109,-3.694262339340247e+170,-3.0885202586138634e+111
-1.013269366587022e+110,-1.32976299253566e+171,-7.089730372517325e+111
-2.255286441714142e+110,-4.768986135964034e+171,-1.7768130928676647e+112
-4.917483525317201e+110,-1.6079655420891284e+172,-4.035303594115218e+112
-1.0467892543684408e+111,-5.464706665133249e+172,-9.239908011639504e+112
-2.307120504823687e+111,-1.8953614120371754e+173,-2.133032605660763e+113
-5.19076545445906e+111,-6.496478280381048e+173,-4.9523892786351424e+113
-1.130586053186807e+112,-2.2349122433536685e+174,-1.1001702276377476e+114
-2.4781581534806537e+112,-7.612738442692581e+174,-2.532945196900251e+114
-5.439180497628851e+112,-2.648096378318261e+175,-5.885386818939251e+114
-1.2686133421939355e+113,-9.182691520332655e+175,-1.3444869809912995e+115
-2.6986089527471404e+113,-3.3086601398035093e+176,-3.096657622389583e+115
-5.836647614208852e+113,-1.130113195491649e+177,-6.993365100416008e+115
-1.334223524518381e+114,-3.7863386534252217e+177,-1.5507257707901526e+116
-2.9780154922643046e+114,-1.3068612391384614e+178,-3.544531876340928e+116
-6.889572635714708e+114,-4.4608218345185116e+178,-7.873959966763401e+116
-1.528698877703378e+115,-1.5964351513281728e+179,-1.7076527799054717e+117
-3.31581513429246e+115,-5.331836686268217e+179,-3.852208481954142e+117
-7.459297691910361e+115,-1.9295664121748712e+180,-9.055680877555803e+117
-1.6049025270710453e+116,-6.664204584087976e+180,-2.3453159426103977e+118
-3.6028208535451816e+116,-2.2016613296611537e+181,-5.996519193170481e+118
-7.579735924937613e+116,-7.955216782972359e+181,-1.4709690105568595e+119
-1.6582089474702888e+117,-2.6702626358750037e+182,-3.839362596652999e+119
-3.731461815492466e+117,-9.247230146012879e+182,-8.858297039256072e+119
-8.826339216910177e+117,-3.0750209273155516e+183,-2.065559635603696e+120
-1.9125598302693368e+118,-1.0569905514894744e+184,-4.717984050758383e+120
-4.159419330281651e+118,-3.897188140126314e+184,-1.0367594602625603e+121
-8.871214193125844e+118,-1.3500913956468674e+185,-2.6360051953555376e+121
-1.9119158495541635e+119,-4.5410288401512264e+185,-5.80457107387262e+121
-4.006657148405591e+119,-1.5153597225912e+186,-1.4978084325032468e+122
-9.1280639379599e+119,-5.304840144634895e+186,-3.805616449914779e+122
-2.1522714308844557e+120,-1.8566896493072727e+187,-9.29587887700472e+122
-4.9316804756869054e+120,-6.3206044614454986e+187,-2.1514347079319504e+123
-1.1361565781708716e+121,-2.0569948321785385e+188,-4.831983396571964e+123
-2.642109217875668e+121,-6.881346443048192e+188,-1.2795239120857598e+124
-5.866307411316165e+121,-2.2694999895454007e+189,-3.761528012369962e+124
-1.3551697099449652e+122,-7.482225160882042e+189,-9.563773949750705e+124
-2.9873171511219634e+122,-2.670199764727896e+190,-2.2192177724586813e+125
-6.725903061340978e+122,-9.198191207794491e+190,-5.64736744856353e+125
-1.4911433175102542e+123,-3.123923930582825e+191,-1.5764472543505158e+126
-3.259500575814902e+123,-1.0575647377109832e+192,-3.8535723586021313e+126
-7.305833789289764e+123,-3.4795094783317075e+192,-9.786529619880131e+126
-1.7664823936356375e+124,-1.2173531014440662e+193,-2.3386491558813687e+127
-4.0051023627605834e+124,-4.078006422878128e+193,-5.866924654263585e+127
-9.413061521346673e+124,-1.4376901024593756e+194,-1.3726455204009074e+128
-2.090042172900673e+125,-4.9170680794395636e+194,-3.674874257033497e+128
-4.630837430675474e+125,-1.763003135354406e+195,-8.522061976450935e+128
-1.0485369795210776e+126,-6.214827701975979e+195,-1.9372460501456706e+129
-2.317012024586426e+126,-2.1713714875286637e+196,-4.2938791520094843e+129
-5.0806736959067183e+126,-7.641393031106545e+196,-9.86491913374336e+129
-1.1007747149665662e+127,-2.6377041920251308e+197,-2.0856903384744785e+130
-2.3035217320288457e+127,-9.192815857147157e+197,-4.598877892638791e+130
-4.651905855215353e+127,-3.1013188526659914e+198,-9.61473078869753e+130
-1.034264940448623e+128,-1.0938579508133651e+199,-2.10850008784105e+131
-2.207583846387105e+128,-3.5743979270158634e+199,-4.586052640291663e+131
-4.795266344882051e+128,-1.2068288312077752e+200,-1.048665881346183e+132
-1.050083614531025e+129,-4.193210140154899e+200,-2.4119530429444675e+132
-2.3922012120461885e+129,-1.3566968199873006e+201,-5.330330218422288e+132
-5.339389074054942e+129,-4.4774275560351737e+201,-1.201621746723211e+133
-1.2215927445956911e+130,-1.5521651804074644e+202,-3.2003353897695964e+133
-2.689931945627331e+130,-5.396369292635966e+202,-7.119505311800163e+133
-6.101650172437421e+130,-1.880782101015586e+203,-1.6622606655051336e+134
-1.380872708133418e+131,-6.38477742268101e+203,-3.920897100447564e+134
-3.0432903634526884e+131,-2.116259313343038e+204,-9.929205486960145e+134
-7.374990466988959e+131,-7.53373726117642e+204,-2.2254745457333802e+135
-1.7334361664148866e+132,-2.4874928384459575e+205,-4.980260840321056e+135
-4.1373455930170335e+132,-8.712374849849244e+205,-1.1482538646815674e+136
-9.70274187823116e+132,-3.0883010931444444e+206,-2.712277551834366e+136
-2.2422799833011712e+133,-9.901417786727034e+206,-6.822414665439191e+136
-5.049747101681585e+133,-3.438747345977497e+207,-1.566250630026825e+137
-1.1617505368720058e+134,-1.2024811502835238e+208,-3.8587440830297826e+137
-2.7196667431688483e+134,-4.236420689870019e+208,-9.198514233005263e+137
-6.4105988364996716e+134,-1.4377232866809484e+209,-2.1961460324975405e+138
-1.4671997234683716e+135,-4.837956063216074e+209,-5.380764327230554e+138
-3.4892374462756514e+135,-1.737137212697594e+210,-1.3340096167641225e+139
-8.715017130983463e+135,-5.373571527411697e+210,-2.9886946887173587e+139
-1.9271514907677502e+136,-1.8936085911849266e+211,-6.568087052428952e+139
-4.5308373784645843e+136,-6.29867216001862e+211,-1.3198078704517348e+140
-1.0425854824491972e+137,-2.1818502331181717e+212,-3.0650062719004356e+140
-2.4424901962632514e+137,-7.509016020455296e+212,-7.060762043152099e+140
-5.514068738853463e+137,-2.527976485389592e+213,-1.701466368867258e+141
-1.2382362821162984e+138,-8.238529887816946e+213,-4.0422160828456987e+141
-2.5355074181837824e+138,-2.82278026159489e+214,-9.38156089855174e+141
-5.786168806911482e+138,-9.155596145260955e+214,-2.2237394833529753e+142
-1.2454220569547926e+139,-3.1606504147498946e+215,-5.559084805112643e+142
-2.7148928930200716e+139,-1.03740262388846e+216,-1.2103870916072923e+143
-6.09323842763907e+139,-3.315078594861133e+216,-2.6881770582884736e+143
-1.4769620914712484e+140,-1.1358818784361073e+217,-5.480784411600835e+143
-3.4765116370850708e+140,-4.0001911255727098e+217,-1.1894358769518884e+144
-7.87269162646482e+140,-1.4337246167490063e+218,-2.5068781252056078e+144
-1.88343979592905e+141,-5.042222154368745e+218,-4.9592028326714114e+144
-4.0353571464627045e+141,-1.770574379324554e+219,-9.53607950826897e+144
-9.228705857800985e+141,-5.94203413276728e+219,-1.8640484435214002e+145
-2.0986911304004202e+142,-2.001630284455237e+220,-4.3279510405815557e+145
-5.111729318314505e+142,-7.129528062482133e+220,-8.943829639274257e+145
-1.131328819207743e+143,-2.3534410289081362e+221,-2.005441556774191e+146
-2.4888989823687515e+143,-7.94122223281839e+221,-4.995141528185407e+146
-5.475548116854087e+143,-2.6934240363940927e+222,-1.2501254528039672e+147
-1.2634459595277826e+144,-8.811830781237063e+222,-3.036972603160093e+147
-2.735360608309306e+144,-3.0566002074936013e+223,-7.1159211060236e+147
-5.765907948132115e+144,-1.0515356797338783e+224,-1.6921704007670666e+148
-1.2597766780149302e+145,-3.3911391816108043e+224,-4.0685255289711465e+148
-2.841510165956785e+145,-1.1659535319250424e+225,-8.880900713733885e+148
-6.039858851511004e+145,-4.1173102192533064e+225,-2.0436675854510917e+149
-1.3732090653133237e+146,-1.4168323009531557e+226,-4.631895531939882e+149
-3.002923477193578e+146,-4.955005674053324e+226,-1.0478195433647855e+150
-7.047358526276368e+146,-1.6722151667855528e+227,-2.3460146685185543e+150
-1.767290455805718e+147,-5.702486761173575e+227,-5.3410513885868715e+150
-4.006617831048237e+147,-2.0034668158575354e+228,-1.3226565827470155e+151
-9.07725497528356e+147,-6.734369267173719e+228,-3.443189483205261e+151
-2.016793744887114e+148,-2.224160349463784e+229,-8.179988917347555e+151
-4.2784006312604723e+148,-7.706486585464775e+229,-2.0556074427288069e+152
-9.411833256503214e+148,-2.6219549987963164e+230,-4.986266557352629e+152
-2.0096530954322186e+149,-9.007062282694164e+230,-1.2576625934157197e+153
-4.336317993160159e+149,-3.105229485911343e+231,-3.2888338383477763e+153
-9.963813161153634e+149,-1.0747446554687308e+232,-7.452740790109182e+153
-2.0463969220284653e+150,-3.7536564808712746e+232,-1.8245209120656674e+154
-4.679153456154858e+150,-1.3089146350432698e+233,-4.224156683919067e+154
-1.0650887873740013e+151,-4.592358953821119e+233,-9.225714226542241e+154
-2.384499007753309e+151,-1.5623562070638542e+234,-1.983511321694537e+155
-5.438498173181567e+151,-5.34847117158417e+234,-4.1568453791103013e+155
-1.198821227687782e+152,-1.8948443403828896e+235,-9.343796848360806e+155
-2.788827176449105e+152,-6.490449950156183e+235,-1.940047898218324e+156
-6.278132397967701e+152,-2.184261724881385e+236,-4.009802319976426e+156
-1.4325089003408068e+153,-7.797377179365037e+236,-1.0127964693657791e+157
-3.133944976486544e+153,-2.608642593991835e+237,-2.2853417611638146e+157
-7.16022179363133e+153,-9.472838476452791e+237,-5.187732730212971e+157
-1.844626393813425e+154,-3.21183735730829e+238,-1.1609821085023292e+158
-4.0449151845034093e+154,-1.0882808415117195e+239,-2.516231951389901e+158
-8.831121041001662e+154,-3.682074846898467e+239,-5.210213332014567e+158
-2.049701071128819e+155,-1.262513699803796e+240,-1.1532105026931805e+159
-5.002360803804543e+155,-4.470250540111261e+240,-2.53019599523368e+159
-1.1258761070736628e+156,-1.59300584008409e+241,-5.354227480604634e+159
-2.5292790902515595e+156,-5.492234349795291e+241,-1.1628605425308345e+160
-5.770784357444968e+156,-1.9294483892888127e+242,-2.6126647352047942e+160
-1.417675154606085e+157,-6.74032887262671e+242,-6.046956846861833e+160
-3.1800784755585924e+157,-2.3288658568438015e+243,-1.3746898614433653e+161
-7.175056867710855e+157,-7.676204728421777e+243,-3.024677126176197e+161
-1.589856835843361e+158,-2.5736231819554533e+244,-6.568837406611103e+161
-3.827720450913959e+158,-8.826641822276562e+244,-1.3618066392581984e+162
-8.464422613047838e+158,-2.826731322069388e+245,-2.801003610059087e+162
-2.032697276633244e+159,-9.80665949761765e+245,-5.91351168078785e+162
-4.633849452419679e+159,-3.228374794487435e+246,-1.2397979428421106e+163
-1.1057035033543909e+160,-1.0766488835781149e+247,-2.698230998167241e+163
-2.5260835493447928e+160,-3.631825849334689e+247,-5.604465922370276e+163
-5.873209903978146e+160,-1.2362078777647524e+248,-1.2799835245188594e+164
-1.3509744777825487e+161,-4.079343901084614e+248,-2.7885271131575214e+164
-2.8688941530555453e+161,-1.4238003819157958e+249,-5.583896039847849e+164
-5.672094601909588e+161,-4.7780092421515316e+249,-1.2029266783528106e+165
-1.2322917021618957e+162,-1.630083848658912e+250,-2.6646273231137486e+165
-2.684477569092634e+162,-5.416179860771427e+250,-5.7054029668732625e+165
-5.56137313890713e+162,-1.8758880117177755e+251,-1.2313224245440716e+166
-1.2305333482639712e+163,-6.686797140737686e+251,-2.6670323111149665e+166
-2.731894626853524e+163,-2.3753975091534085e+252,-5.8390774972755004e+166
-5.921802966746877e+163,-8.270128708772753e+252,-1.4956974714852295e+167
-1.3063728481099758e+164,-2.964143239319698e+253,-3.39152112757738e+167
-3.073605053816567e+164,-1.0354861306122915e+254,-7.554560364058806e+167
-7.029325203357205e+164,-3.645057715632233e+254,-1.6345222927678617e+168
-1.5503455758737322e+165,-1.264801424890836e+255,-3.604246140988226e+168
-3.4267638590676713e+165,-4.534037776387376e+255,-7.96831126039888e+168
-7.690454773440223e+165,-1.6126051349618897e+256,-1.6559006452849868e+169
-1.7543298152852942e+166,-5.729741393804228e+256,-3.8288395395232896e+169
-4.310266003417699e+166,-1.982916837199224e+257,-8.416982471804972e+169
-9.927319447429299e+166,-6.894021190820668e+257,-1.7637709656074887e+170
-2.3155039304595036e+167,-2.4141932250835657e+258,-3.937961557013837e+170
-5.209130927086513e+167,-8.475103448568444e+258,-9.067746183400338e+170
-1.2424682926216534e+168,-3.043504049816644e+259,-2.0827128467002697e+171
-2.7755669323435653e+168,-1.066226857317105e+260,-4.866758985751907e+171
-6.416924375832107e+168,-3.7834069157370273e+260,-1.1260973914913622e+172
-1.440073346584485e+169,-1.3170455310721762e+261,-2.9584150266323554e+172
-3.150269143437466e+169,-4.445729175422453e+261,-6.758392070661183e+172
-6.893893915423081e+169,-1.5683242979863753e+262,-1.6631189585148752e+173
-1.6041402987105557e+170,-5.4144862198704735e+262,-3.8905399596649907e+173
-3.7283556323356016e+170,-1.9231202800828907e+263,-9.700853628283284e+173
-8.54240838703585e+170,-6.801976722751139e+263,-2.193964771316845e+174
-2.0626528684057367e+171,-2.5127109839410625e+264,-5.450203976939925e+174
-4.8103264701044905e+171,-8.917277681521923e+264,-1.3098608291043664e+175
-1.105936694274156e+172,-3.1901034742041365e+265,-3.25826523602778e+175
