pso,hgapso,logapso
352.45485633378973,364.79653722356846,365.54848391943267
-1729.2957788117583,-462.19569124676957,-1563.3052497333606
-3179.6320386159387,-2477.230827815104,-2757.8632234173006
-4418.841139328737,-3814.521708054936,-3315.983141515161
-6166.9217231114835,-6056.363319470633,-4705.18633116851
-8495.070954189012,-9034.230332403871,-6061.591494701999
-13514.812302810893,-17119.56578533679,-9239.302113758236
-20040.57150206717,-44501.64791035889,-14612.152081294369
-34463.789630787345,-120810.21099002694,-26399.08530384693
-64534.39671419239,-295291.05179053714,-49264.19119295861
-113020.65739922055,-623781.4532066665,-88213.06406427272
-217536.86617294326,-1495623.198592149,-161141.79772383935
-427210.7214287077,-3822490.716131127,-334263.7671569873
-765695.1210200229,-9657956.576727375,-603742.4737215098
-1454491.090947325,-25660432.209852085,-1207603.0329175356
-2939827.462190175,-80821013.46463317,-2494188.7429554565
-6163677.918479855,-235039893.1188716,-4997370.465429867
-11914754.56949618,-634227374.660126,-10151238.599784497
-22780385.002139978,-1902147831.6598263,-20783193.77692212
-43234436.499355055,-5680225375.7842455,-41869154.34756456
-80814639.85964465,-18131107637.065166,-88767316.3723282
-148191840.19020686,-58661769209.95903,-187533739.3832863
-303086880.17292637,-188731735934.62408,-400225348.8158504
-630842370.9089686,-624319104173.7681,-864617681.2610124
-1280132051.0540164,-2134882930052.4941,-1839905175.8947587
-2800231535.2065544,-6906758586437.346,-3923583816.3793516
-5869391497.293933,-23033325422057.113,-8547948148.11648
-12126965520.066168,-77577024108225.4,-19174916726.671196
-24299441940.897564,-255487889564429.4,-42301634795.68729
-49643255243.32728,-839128029955188.8,-94915320119.60574
-109611874313.25562,-2846419621373982.5,-205100554919.58795
-233590741865.5175,-9842452584390082.0,-474941666281.4015
-470390475295.2999,-3.3096959378918216e+16,-998359538058.9578
-1005672701800.1862,-1.1465200959513475e+17,-2115411707134.4536
-2178213107348.9539,-3.86450779378863e+17,-4511086529235.943
-4864023436600.761,-1.3320381214973548e+18,-9804896343708.74
-11086582616961.305,-4.2830512256215665e+18,-21496446857262.695
-24878734502914.793,-1.380586733211354e+19,-45822655529230.3
-56230318242267.07,-4.759017051614782e+19,-102043827488971.86
-128744027380616.8,-1.590942012205344e+20,-219679227931674.1
-286899714446027.6,-5.4618997642865286e+20,-485758626130092.0
-735528275082423.5,-1.8204785606586364e+21,-1057839583198251.0
-1700329304964513.8,-6.080711277097087e+21,-2220673819251860.0
-4098604121929439.0,-2.1338321908391194e+22,-4644520863691786.0
-1.016481552477986e+16,-7.130067330340598e+22,-9836130582127728.0
-2.3185503830636028e+16,-2.4137113558075445e+23,-2.111722184220487e+16
-5.309592264431192e+16,-8.065841940850823e+23,-4.586991749398609e+16
-1.2182561242181546e+17,-2.842287887697717e+24,-9.767211258787805e+16
-2.8166194112566784e+17,-9.612742521858873e+24,-2.197639353490641e+17
-5.763586892154581e+17,-3.168511254109407e+25,-4.913437308379208e+17
-1.1993909513399485e+18,-1.0508294483352469e+26,-1.1635308508749112e+18
-2.710329000768889e+18,-3.6559894296631326e+26,-2.761979151589902e+18
-5.850440595328996e+18,-1.2138605910728356e+27,-6.260771918583404e+18
-1.262329527576187e+19,-4.203154034913536e+27,-1.4201047720608412e+19
-2.6085017082788323e+19,-1.4205735997120623e+28,-3.401233074641937e+19
-5.695364809426975e+19,-4.8885905311752346e+28,-7.822166288187402e+19
-1.2811996761006185e+20,-1.673750749334614e+29,-1.6997598924724306e+20
-2.7659698743653387e+20,-5.847659663059323e+29,-3.9598801361513493e+20
-6.367216564728573e+20,-1.993286241017391e+30,-8.946076361542035e+20
-1.3603921219780598e+21,-6.855030276194763e+30,-2.0102919108931014e+21
-3.127163703581599e+21,-2.3468213048889606e+31,-4.5865201494947293e+21
-6.36484454488227e+21,-7.829845869258232e+31,-1.084090382946144e+22
-1.3423903331444006e+22,-2.644423865372049e+32,-2.621300844797112e+22
-2.876039671355283e+22,-8.97211798075731e+32,-6.453856883731499e+22
-5.99969928490605e+22,-3.055197491986847e+33,-1.4021737050008153e+23
-1.1775617131727115e+23,-1.0379087618901952e+34,-3.274859937481622e+23
-2.471063694057575e+23,-3.6555796427659553e+34,-7.833684216914699e+23
-4.894811791912623e+23,-1.2611916355693156e+35,-1.8051675390491076e+24
-1.0238743188218468e+24,-4.240054969938699e+35,-3.883519829888308e+24
-2.1261229257336242e+24,-1.474817936447937e+36,-9.268321192887379e+24
-4.503522846005908e+24,-5.17509972772132e+36,-2.284527202041689e+25
-9.301172090461386e+24,-1.7198491134169302e+37,-5.6313927257555275e+25
-1.86683894608039e+25,-5.995803050391748e+37,-1.4353685825233284e+26
-3.998152481568121e+25,-2.071595691455261e+38,-3.624327404873957e+26
-8.686687879437205e+25,-7.118735222960948e+38,-8.503133029735174e+26
-2.0568193351368874e+26,-2.506174181784217e+39,-1.915117326845036e+27
-4.683524091596652e+26,-8.599787827612345e+39,-4.579360631876626e+27
-1.0852378916544619e+27,-2.959787200332078e+40,-1.0595426387875353e+28
-2.4332103665409146e+27,-1.0113567956304415e+41,-2.3686083547320992e+28
-5.560921369141163e+27,-3.4860470827114364e+41,-5.61924124818442e+28
-1.1945797639584152e+28,-1.2134568602124893e+42,-1.3303391082200195e+29
-2.713865401532272e+28,-4.2064898921231906e+42,-3.095142944436355e+29
-5.614383342638516e+28,-1.4849072189739167e+43,-7.563811656382412e+29
-1.1758468583203371e+29,-5.105501803300325e+43,-1.6501561011777146e+30
-2.449476229173646e+29,-1.8133111417584185e+44,-3.674719632454498e+30
-5.316373405207715e+29,-6.286038028495418e+44,-8.302064175046224e+30
-1.1257142437057056e+30,-2.1544900427017308e+45,-1.843926831389603e+31
-2.2884950222017395e+30,-7.33514783266051e+45,-3.8512310205887608e+31
-5.021192216458625e+30,-2.622150380757789e+46,-9.656866836073906e+31
-1.0763208925237329e+31,-8.86995376596057e+46,-2.521665056508244e+32
-2.2264635959450137e+31,-3.0689874595907943e+47,-6.2420097558553666e+32
-4.785334334486747e+31,-1.076949012084714e+48,-1.4584937258035e+33
-9.921127510573968e+31,-3.621577850965107e+48,-3.7590797001556564e+33
-2.254146099227602e+32,-1.233839159468123e+49,-8.530698128230961e+33
-5.170632529656631e+32,-4.319466576509095e+49,-1.9574842969717747e+34
-1.1696141264271643e+33,-1.4959916226722608e+50,-4.619469065273581e+34
-3.084318397577404e+33,-5.117996126900252e+50,-1.0934362192575796e+35
-7.291841497731676e+33,-1.7651853627162714e+51,-2.5218802423778044e+35
-1.8311520080051056e+34,-5.991619833132865e+51,-5.657137682851221e+35
-4.376747679352243e+34,-2.0461442781934707e+52,-1.3208030682073508e+36
-1.0016045278937253e+35,-7.190833232899016e+52,-3.104947198737569e+36
-2.2381078367098888e+35,-2.543558950598797e+53,-7.532639453414122e+36
-5.013697402039587e+35,-8.769833860101862e+53,-1.7826519638562617e+37
-1.1446871714153109e+36,-3.123338959990342e+54,-4.499797657314141e+37
-2.5315472124015433e+36,-1.0867537404079239e+55,-1.1553608496136218e+38
-5.260630935816027e+36,-3.78071111906182e+55,-2.873241367682068e+38
-1.2487674377664056e+37,-1.3436162697545938e+56,-8.178186199649024e+38
-2.929423601008806e+37,-4.60601092772073e+56,-2.0911498582340537e+39
-6.536545100628344e+37,-1.5974524301322218e+57,-5.2400663811660286e+39
-1.429729608215597e+38,-5.313473583667966e+57,-1.2519533864914227e+40
-3.0534646935878684e+38,-1.8052553098150476e+58,-3.145301307030015e+40
-6.639846657428643e+38,-6.064512777018542e+58,-8.212233667111478e+40
-1.4006226444104282e+39,-2.025570813776007e+59,-1.903387580108394e+41
-3.0185947319360606e+39,-6.970642003095064e+59,-4.5563738472727606e+41
-6.43113989226806e+39,-2.3674744737414804e+60,-1.1253442190641642e+42
-1.4519965101097586e+40,-8.04800036082916e+60,-2.8163992770213895e+42
-3.206599692149129e+40,-2.630201040440374e+61,-6.661391170476811e+42
-7.480683812534216e+40,-8.999702071304898e+61,-1.622365489149254e+43
-1.683797021851132e+41,-3.143853774655249e+62,-3.994399504703939e+43
-3.7032803650434435e+41,-1.0972135398897936e+63,-8.835319118652188e+43
-8.562324335574416e+41,-3.732097976856593e+63,-2.157883373457323e+44
-1.921152577995071e+42,-1.322030712251587e+64,-5.351070261047968e+44
-4.692925576188095e+42,-4.600252680248123e+64,-1.2231823939988063e+45
-1.0531068622995378e+43,-1.5891840398838941e+65,-2.731556581267579e+45
-2.3986404475967623e+43,-5.554393144536559e+65,-5.64803660938827e+45
-5.445901898086898e+43,-1.8700928981533165e+66,-1.4372082588216966e+46
-1.3206693591840342e+44,-6.311928231676286e+66,-3.595083658071312e+46
-3.24049130148798e+44,-2.0988339605099922e+67,-8.186819720260843e+46
-7.177326692428507e+44,-6.994597876440964e+67,-2.1212653248027224e+47
-1.6622170104137566e+45,-2.3887882195250803e+68,-4.872284101499566e+47
-4.0009021534234187e+45,-8.079317548657885e+68,-1.1468508288950664e+48
-9.745991826088873e+45,-2.8261032705874568e+69,-2.6446052710948275e+48
-2.284637785993732e+46,-9.860521500236652e+69,-5.984287592401667e+48
-4.865969166754907e+46,-3.382766938558355e+70,-1.3655892485324206e+49
-1.0284664210231134e+47,-1.132850024972296e+71,-3.0651095576397376e+49
-2.384431013758261e+47,-3.920665563358189e+71,-6.790729621355395e+49
-5.76426198700793e+47,-1.3279019699381328e+72,-1.5334877440732323e+50
-1.4014619181769687e+48,-4.5987447453875235e+72,-3.357878067842955e+50
-3.6038413751812166e+48,-1.5796844317882474e+73,-7.469476618406692e+50
-9.664101919440289e+48,-5.421241279233062e+73,-1.6778945423037607e+51
-2.3078689586672356e+49,-1.8515433423032377e+74,-3.541547500812613e+51
-5.171429554650595e+49,-6.231961583776108e+74,-7.599159148267398e+51
-1.1388492624718868e+50,-2.1667836180579354e+75,-1.5687874705972133e+52
-2.7663937982645406e+50,-7.27824518731823e+75,-3.10779533159694e+52
-6.186777385470019e+50,-2.540744082891823e+76,-6.299687640983721e+52
-1.3791129318145306e+51,-8.720846286715809e+76,-1.2319839232379343e+53
-3.4092497870909103e+51,-2.9872585668726963e+77,-2.5438457891134976e+53
-8.122580526732852e+51,-1.0114516933740682e+78,-5.53823583482456e+53
-1.8077932443380166e+52,-3.5955798786845864e+78,-1.1041650685805104e+54
-3.701611957521048e+52,-1.2323625443753414e+79,-2.3178779033090236e+54
-8.115619690556424e+52,-4.152937635085884e+79,-4.728087937782846e+54
-1.7197818071263591e+53,-1.4473334872693624e+80,-1.0672371981788771e+55
-3.977216868611641e+53,-4.902640776519831e+80,-2.3840320937201184e+55
-9.91559073534643e+53,-1.6717953071415125e+81,-5.359584060153641e+55
-2.3159523044343328e+54,-5.7415639921876615e+81,-1.2032342212990342e+56
-5.3762694247067386e+54,-1.949016855090615e+82,-2.6902981643359563e+56
-1.30433142014663e+55,-6.739268557110536e+82,-6.203641615488708e+56
-2.952762744641229e+55,-2.280035946677697e+83,-1.394862521333412e+57
-7.035188358696675e+55,-7.789495607823401e+83,-3.233311809244112e+57
-1.5594853374601738e+56,-2.622657758513052e+84,-7.434640079896612e+57
-3.605090109442125e+56,-8.976305347752249e+84,-1.807673161833466e+58
-7.863749889660195e+56,-3.0377961321777586e+85,-4.140607439030751e+58
-1.678468275323013e+57,-9.984349603078162e+85,-9.692047202745969e+58
-3.532583413335996e+57,-3.3743705137401973e+86,-2.2645465673734535e+59
-8.99465968903426e+57,-1.1840158515380549e+87,-5.164360446669019e+59
-2.192115821552025e+58,-4.045677513868399e+87,-1.2045231160103848e+60
-5.229446868995246e+58,-1.4051563583696092e+88,-2.7947149601652128e+60
-1.2594731603538886e+59,-4.997300314732641e+88,-6.383415474699032e+60
-2.965482904720082e+59,-1.7265695253734907e+89,-1.4597940949458758e+61
-7.731228085541791e+59,-5.890315467293346e+89,-3.2395266620180485e+61
-1.8824146458601193e+60,-2.0808070063445838e+90,-7.010612834997139e+61
-4.441535883204404e+60,-7.0894134513324435e+90,-1.6081618683178212e+62
-1.1000562997476731e+61,-2.4670539223605718e+91,-3.7053797341806804e+62
-2.5284214754543314e+61,-8.612783419986568e+91,-8.724098187641356e+62
-6.604327058496036e+61,-2.95004056919297e+92,-2.1020937232163415e+63
-1.6147601910595534e+62,-1.0037547071499809e+93,-4.837778541550343e+63
-4.3512195562112105e+62,-3.4770604053126194e+93,-1.1199517395232198e+64
-1.0247278910401147e+63,-1.1672890438249719e+94,-2.4449950154535801e+64
-2.4851971130076296e+63,-4.139810236121619e+94,-5.65737185776696e+64
-5.5225256579594835e+63,-1.4489179123637102e+95,-1.270715888031395e+65
-1.344318370998613e+64,-5.085340717216786e+95,-2.728966250699448e+65
-3.166287137036142e+64,-1.7669342348330647e+96,-6.59923182809419e+65
-6.847623847537426e+64,-6.055024274389138e+96,-1.5635837342625301e+66
-1.4925716895008173e+65,-2.101348067426545e+97,-3.763369500255644e+66
-3.3538941881140753e+65,-7.3420242216095e+97,-9.364086997044712e+66
-7.477048068255654e+65,-2.5095061307371287e+98,-2.05113292672733e+67
-1.8135286576198496e+66,-8.637875030840176e+98,-4.780439140292245e+67
-4.093641640522433e+66,-3.0014572163688126e+99,-1.0921531443914992e+68
-8.944929122857871e+66,-1.0319817646015831e+100,-2.5449647696814454e+68
-2.0397215955551877e+67,-3.550178805278017e+100,-5.894257886005333e+68
-4.273898461029537e+67,-1.1985823441959387e+101,-1.330257504014995e+69
-9.04166997308468e+67,-4.173356263321033e+101,-3.4599337391767985e+69
-1.8993983443460564e+68,-1.4433079983966065e+102,-8.581617863301022e+69
-4.561539036595626e+68,-5.017158003034263e+102,-2.005529827213929e+70
-9.781332965969996e+68,-1.665334174506106e+103,-4.74141166998154e+70
-2.106789744425704e+69,-5.8143166634421165e+103,-1.1374792880671263e+71
-4.725290993072322e+69,-1.9602189991708534e+104,-2.4517070157887664e+71
-1.1131829528887496e+70,-6.703670396268469e+104,-5.255123864803311e+71
-2.765169919336884e+70,-2.314611884549005e+105,-1.1233778453324878e+72
-6.869156763577067e+70,-8.015718318013825e+105,-2.386756897755452e+72
-1.699308865361041e+71,-2.8642209776422986e+106,-5.3915327713387564e+72
-3.860137980302608e+71,-9.603437926897608e+106,-1.218779035164147e+73
-9.381352265397748e+71,-3.315192125659578e+107,-2.494092574141003e+73
-2.1347278147325396e+72,-1.1266373561312285e+108,-5.1218009181630537e+73
-4.8823442992608745e+72,-3.8640214407073424e+108,-1.0824381095842585e+74
-1.0948373326703787e+73,-1.2974758690496167e+109,-2.488063021242545e+74
-2.310927835409119e+73,-4.537554676789677e+109,-5.925749190499348e+74
-5.146073286912159e+73,-1.5296064359491777e+110,-1.343672525172341e+75
-1.203153966547854e+74,-5.36294412674015e+110,-3.1620481079805757e+75
-2.5410313596501104e+74,-1.8518059996322752e+111,-7.182834550799592e+75
-5.446023613538595e+74,-6.148802682365006e+111,-1.779261905913262e+76
-1.1769393791490046e+75,-2.0397804551526514e+112,-3.931530686317953e+76
-2.7366875628910704e+75,-7.152049365368852e+112,-9.597149888537888e+76
-5.637539142450874e+75,-2.4174221149924433e+113,-2.1758290958640397e+77
-1.4317134421927915e+76,-8.372518214480941e+113,-5.223788880814148e+77
-3.2191861423728825e+76,-2.82872040811899e+114,-1.261495699307303e+78
-7.47493919790194e+76,-9.592027357292589e+114,-2.9075528059369935e+78
-1.6030803934176085e+77,-3.353314367290855e+115,-6.434503472266739e+78
-3.6719469039274805e+77,-1.1771329019989924e+116,-1.5436755770456694e+79
-8.197232194919319e+77,-4.021537497181205e+116,-3.435938420108993e+79
-1.7830279666450172e+78,-1.362459730864616e+117,-7.202618846651239e+79
-3.8570946622403555e+78,-4.8543753550280173e+117,-1.7206463964181965e+80
-8.774770755316418e+78,-1.6923039451044719e+118,-3.8193550062328836e+80
-1.984918551899159e+79,-5.862517767391102e+118,-8.975421892748749e+80
-4.411266365955268e+79,-2.037218286426928e+119,-2.0829663166228657e+81
-9.311775634776155e+79,-6.899817163646117e+119,-4.978943718153663e+81
-2.0646866376070711e+80,-2.434911976732824e+120,-1.190353726311543e+82
-4.902429300453635e+80,-8.516766853308299e+120,-2.847356974025235e+82
-1.0824075960984802e+81,-2.9704736372746e+121,-6.444931848164437e+82
-2.351882250225703e+81,-1.0239438660588815e+122,-1.5051271543414802e+83
-5.049220797153135e+81,-3.541654215780544e+122,-3.346313812422635e+83
-1.092865950537796e+82,-1.2141976962261207e+123,-7.185287077642582e+83
-2.269534334564504e+82,-4.1295564064167656e+123,-1.5561999535472062e+84
-4.729595573455254e+82,-1.4257191895251855e+124,-3.2732748359553007e+84
-1.1031832676743263e+83,-5.023254822598769e+124,-7.250287742593403e+84
-2.502290960151227e+83,-1.7480573304288867e+125,-1.7990775025334452e+85
-6.182733443706388e+83,-6.208986117497392e+125,-4.0127815553927e+85
-1.3568112039653362e+84,-2.1846749116294475e+126,-8.559396536899226e+85
-3.2372716304726027e+84,-7.420519697267507e+126,-1.9283310156356716e+86
-7.978522055073092e+84,-2.5050915234595376e+127,-4.3300087094552445e+86
-2.1201685553116208e+85,-8.762869276707186e+127,-9.23574976520239e+86
-5.169302589660851e+85,-3.094960241740299e+128,-1.7766416027717625e+87
-1.2509627546511986e+86,-1.071087369968065e+129,-4.328430374218919e+87
-3.127005565123014e+86,-3.7470218998337494e+129,-9.494433571226764e+87
-7.593963289716149e+86,-1.2443300321770475e+130,-2.1531635432520662e+88
-1.7817510434555762e+87,-4.276722366081142e+130,-4.773256884678591e+88
-3.955690673589381e+87,-1.5016735391857526e+131,-1.1249962798621652e+89
-9.594608955811526e+87,-5.1714717035757975e+131,-2.82069865700388e+89
-2.243712973004167e+88,-1.8061694588524908e+132,-6.426759270425856e+89
-5.044206386282102e+88,-6.321126529780478e+132,-1.6671193533910268e+90
-1.2388222253525435e+89,-2.2489266386721067e+133,-3.9780594904352995e+90
-2.7041710342716395e+89,-7.861642238926521e+133,-9.727152834745096e+90
-5.866025872770028e+89,-2.7309054780059476e+134,-2.130451719653845e+91
-1.446299344138222e+90,-9.46397741328592e+134,-4.90935208596891e+91
-3.3319950924340096e+90,-3.2847301123902475e+135,-1.0801009141113902e+92
-7.539944022854728e+90,-1.1644399457367766e+136,-2.2563478039283345e+92
-1.75908096560864e+91,-4.1122151066243797e+136,-5.181450842522294e+92
-3.7637126037993875e+91,-1.3955315173951537e+137,-1.2546050075479315e+93
-9.21784922425415e+91,-4.769767288335212e+137,-3.150499156811581e+93
-2.041539414567676e+92,-1.5944797706421533e+138,-7.322448687220567e+93
-4.61014594172466e+92,-5.3071100585144026e+138,-1.8084193068251185e+94
-1.0336582568198552e+93,-1.7747515308561013e+139,-4.389112397456751e+94
-2.314406409703342e+93,-6.255660518995444e+139,-1.0392254267198666e+95
-5.409410772093838e+93,-2.128268428417916e+140,-2.4622750765449348e+95
-1.2355592770885278e+94,-7.481654999230897e+140,-6.275057817150009e+95
-2.666000574087024e+94,-2.5536110813801506e+141,-1.5039975860294873e+96
-5.585501944143484e+94,-8.986219001177076e+141,-3.558059235532065e+96
-1.2349921650359198e+95,-3.1347334008166325e+142,-7.596748148830705e+96
-2.657990056196805e+95,-1.106680850228173e+143,-1.5293553540817041e+97
-5.746035470567093e+95,-3.7991827101680327e+143,-3.503919221834012e+97
-1.4976590604232914e+96,-1.2880291978513957e+144,-7.573848327995234e+97
-3.603734034292439e+96,-4.281077113486978e+144,-1.930223852867991e+98
-8.501777639359622e+96,-1.4343030761831583e+145,-4.497441718927533e+98
-1.9572757756666443e+97,-4.86579667914422e+145,-1.10111968763588e+99
-4.2812042751329086e+97,-1.6728464708683237e+146,-2.3588060234403704e+99
-9.609371673045208e+97,-5.641287128012497e+146,-5.48952202655313e+99
-2.1508152191402722e+98,-1.9426463621799256e+147,-1.2670274313114354e+100
-4.7705002216445624e+98,-6.671182260613197e+147,-2.80927048605433e+100
-1.0252135466596854e+99,-2.2877216847082464e+148,-7.202579734265346e+100
-2.242094062864116e+99,-7.622946005065955e+148,-1.8846631837376288e+101
-4.7721296652072755e+99,-2.6757924522562045e+149,-3.908393653688114e+101
-1.0252473009558057e+100,-9.19528606158779e+149,-7.929587137501848e+101
-2.2082744082264343e+100,-3.0774745594524916e+150,-1.624844243696754e+102
-4.9052913469030125e+100,-1.018828498368472e+151,-3.2624997250941254e+102
-1.086947033421957e+101,-3.5418544793828776e+151,-8.682685911655414e+102
-2.4730918938186513e+101,-1.2205012585448553e+152,-2.0293928321419717e+103
-5.623127178604266e+101,-4.231666406301059e+152,-5.002870464425682e+103
-1.3665582134599544e+102,-1.3874189143879515e+153,-1.0766273953533207e+104
-3.0628157987431466e+102,-4.668480050772476e+153,-2.5122380871590046e+104
-6.789362299011341e+102,-1.5974613542285164e+154,-4.920173376071263e+104
-1.4338760611147215e+103,-5.442961004714033e+154,-1.0366308421024377e+105
-2.927327393412959e+103,-1.888745652282305e+155,-2.1003578675829574e+105
-6.358325497567458e+103,-6.725362979560126e+155,-4.224214144935863e+105
-1.3138430483830596e+104,-2.2241784173027942e+156,-8.175889801974121e+105
-3.1766592003405846e+104,-7.872418680064702e+156,-1.898825341571622e+106
-7.244245833810695e+104,-2.769886943278857e+157,-4.103991112768224e+106
-1.9141763968744912e+105,-9.663665447128993e+157,-8.639305645546845e+106
-4.770867330875857e+105,-3.4505403436806446e+158,-1.7192725306404412e+107
-1.2124415379866136e+106,-1.2102996052793315e+159,-3.302001325137664e+107
-3.161453252520704e+106,-4.229983561057792e+159,-7.70331650215852e+107
-7.539290324598513e+106,-1.476534070272461e+160,-1.551508227935797e+108
-1.8028982520231073e+107,-5.0515437741945996e+160,-3.2021807414901046e+108
-4.4029455335447346e+107,-1.7256341071966865e+161,-7.393374509821733e+108
-1.0543379174560296e+108,-5.947869688742738e+161,-1.730430713190947e+109
-2.306681378423941e+108,-2.0724159924443234e+162,-4.085282147500935e+109
-5.428434734275604e+108,-7.26587259306083e+162,-9.339258438904733e+109
-1.2743508586950206e+109,-2.440719462777751e+163,-2.1443318419703065e+110
-2.88231325942313e+109,-8.449603272835546e+163,-4.768182445923739e+110
-6.644316083725789e+109,-2.954006671344943e+164,-1.0498958658402812e+111
-1.5588308747616352e+110,-1.0279930615595813e+165,-2.455353118567247e+111
-3.8114936789133815e+110,-3.533656568022159e+165,-5.988429720394466e+111
-9.096362559251672e+110,-1.1758351507968059e+166,-1.2817427477843048e+112
-2.1258894234747245e+111,-3.9870741722165893e+166,-2.8418059954441743e+112
-4.910566409112762e+111,-1.3995440497597716e+167,-6.26169207205927e+112
-1.2193739269606789e+112,-4.894940531372353e+167,-1.4709028852205818e+113
-3.0016506376810477e+112,-1.6752454382566863e+168,-3.5120440217600466e+113
-6.5392164368670755e+112,-5.488076993808901e+168,-7.528388387071643e+113
-1.5825968768975215e+113,-1.9173356977028493e+169,-1.7932330133466113e+114
-3.614298146522722e+113,-6.501428469889168e+169,-3.943099060699727e+114
-8.303862758949978e+113,-2.2262457173331046e+170,-8.759213406625324e+114
-1.8692406155634268e+114,-7.386706509264523e+170,-1.8661734592756856e+115
-3.907684769040742e+114,-2.6144196956110833e+171,-3.828109650085227e+115
-8.47660750625167e+114,-9.052084636273369e+171,-8.994799529104136e+115
-1.84234763341639e+115,-3.144602298376125e+172,-2.0021609236067445e+116
-4.375386142021181e+115,-1.0933319701030895e+173,-4.6671897462930346e+116
-9.445425497139444e+115,-3.8395246123026526e+173,-9.843428198124601e+116
-1.9393888377427032e+116,-1.328020456938425e+174,-2.0423162236687663e+117
-4.3629513406334884e+116,-4.4698530345498755e+174,-4.1114691593322906e+117
-9.463749541823255e+116,-1.5209117260897885e+175,-9.33340201294343e+117
-2.036880113682326e+117,-5.33751042087597e+175,-1.8314045467251718e+118
-4.401051740320747e+117,-1.8836853476665363e+176,-3.7326883631785174e+118
-9.990286326895432e+117,-6.618286299459363e+176,-7.738265391442686e+118
-2.131163378785307e+118,-2.2384088607436952e+177,-1.6184296373857944e+119
-4.806225694386965e+118,-7.621445014188281e+177,-3.331526707074533e+119
-1.0793106536917693e+119,-2.648800457186671e+178,-6.375926549775855e+119
-2.343591236069734e+119,-9.32581392709558e+178,-1.4150715185463382e+120
-5.368127967909559e+119,-3.164095086562027e+179,-2.870007904230056e+120
-1.2223553966410288e+120,-1.1085693968106633e+180,-5.685924612312857e+120
-2.8522525104667356e+120,-3.793296489152699e+180,-1.3513417472072553e+121
-6.498733800435522e+120,-1.3229636713268675e+181,-2.947075018689016e+121
-1.5617510313647027e+121,-4.508910808895695e+181,-6.624264884856489e+121
-3.4969480022337946e+121,-1.4911534278557817e+182,-1.3914397178765391e+122
-7.863517658454912e+121,-5.123864156163113e+182,-2.8616582816921455e+122
-1.8619428430899173e+122,-1.7561347850020624e+183,-6.274764036048775e+122
-4.1851061127166055e+122,-6.108843512259037e+183,-1.2514134794263297e+123
-9.142317078467583e+122,-2.0663150923104113e+184,-2.6884718405863046e+123
-2.1246604305254474e+123,-7.164367805028701e+184,-6.739113413761127e+123
-4.8342008535980333e+123,-2.4221368573907524e+185,-1.4910218850766744e+124
-1.103863132492207e+124,-8.355269825411478e+185,-3.2121004857321865e+124
-2.598662989378055e+124,-2.9297985516826086e+186,-6.919949527623548e+124
-6.381819286720136e+124,-1.0140504980381582e+187,-1.6695351004008192e+125
-1.405585659064961e+125,-3.53928618438345e+187,-3.756253231260852e+125
-3.03585120403025e+125,-1.2210888756715092e+188,-8.467118135914512e+125
-6.795345833462945e+125,-4.322234740281977e+188,-1.9342254407788826e+126
-1.6691603772740943e+126,-1.51667546442157e+189,-4.4932653059187444e+126
-3.7387181457870065e+126,-5.262040804570143e+189,-9.52822227233057e+126
-8.053590031588035e+126,-1.7896975416237937e+190,-2.295758404198303e+127
-1.7193866042907294e+127,-6.342398453986186e+190,-5.871949309860507e+127
-4.0362331593022477e+127,-2.1997988888565096e+191,-1.5290680968773663e+128
-9.065661493112069e+127,-7.668833813739968e+191,-3.58555782906735e+128
-1.991787101907575e+128,-2.721901174153049e+192,-7.721194057620441e+128
-4.632805306562025e+128,-9.682846166112836e+192,-1.7682596022175084e+129
-1.0921183940245498e+129,-3.3308592789051975e+193,-4.216434034613363e+129
-2.438406570725749e+129,-1.1092168993731258e+194,-8.711156278368969e+129
-6.511893806326557e+129,-3.822245927865099e+194,-1.912169398892469e+130
-1.560568069081236e+130,-1.3269843941845347e+195,-3.9241317728110467e+130
-3.74657309128085e+130,-4.692289276987769e+195,-8.184578137409963e+130
-8.838810751349979e+130,-1.6325670529809178e+196,-2.3579184910274738e+131
-2.080381658752965e+131,-5.7756962399765175e+196,-5.2133627834709555e+131
-4.8512514674735205e+131,-2.061398274110743e+197,-1.1023688360335538e+132
-1.0826128754765738e+132,-7.296788106173256e+197,-2.454075990797407e+132
-2.4708691937411396e+132,-2.555052999208701e+198,-5.294801483597785e+132
-5.758992992620108e+132,-8.950172820679052e+198,-1.157901470722905e+133
-1.2882799771946111e+133,-3.000990265985142e+199,-2.3586884017774887e+133
-2.739199910715805e+133,-1.0778456748995476e+200,-5.158363664740348e+133
-5.907506257183296e+133,-3.756270339956842e+200,-1.1444966606803841e+134
-1.5036176122865454e+134,-1.2991469196649476e+201,-2.452131429669651e+134
-3.3599211213368125e+134,-4.509895803855741e+201,-5.28316622367235e+134
-7.200869114307155e+134,-1.5809984687229102e+202,-1.1460420727550204e+135
-1.5938727709253103e+135,-5.303913381667419e+202,-2.5560194315126492e+135
-3.574798030975898e+135,-1.865875737308138e+203,-5.382614999406151e+135
-7.662568074823399e+135,-6.570375948755348e+203,-1.184580687695796e+136
-1.6377162919095806e+136,-2.3035828081522273e+204,-2.5553579989015403e+136
-3.633738984808628e+136,-7.899917213169117e+204,-5.316905241911713e+136
-7.936600137462821e+136,-2.6882440627556724e+205,-1.209176492627643e+137
-1.6993760989448245e+137,-9.18751769162649e+205,-2.6913677357109663e+137
-3.957040166115133e+137,-3.212393205018243e+206,-5.981497218707569e+137
-8.626659635518235e+137,-1.1209529354789777e+207,-1.3257542351817952e+138
-1.8546689973653783e+138,-4.018403831202236e+207,-3.071389936611111e+138
-3.951306581358798e+138,-1.417776684102371e+208,-6.42943321896795e+138
-8.769123730942955e+138,-4.781133069162362e+208,-1.437317109631034e+139
-1.897374615495706e+139,-1.6569219229992187e+209,-2.974666086047666e+139
-4.643253360400689e+139,-5.838942085864765e+209,-6.543194528181594e+139
-1.02446029680522e+140,-2.0412213270917347e+210,-1.4298514710004486e+140
-2.260376414100327e+140,-7.209851037253697e+210,-3.052673694671724e+140
-5.1423147352765496e+140,-2.435162493667527e+211,-6.314127080463498e+140
-1.2918905731458668e+141,-8.395824127273687e+211,-1.3865541276467088e+141
-3.174834798491945e+141,-2.907193121398113e+212,-3.0061056993730162e+141
-7.553964963200544e+141,-9.505805240192265e+212,-6.886758990639242e+141
-1.7963644541841753e+142,-3.167092430711619e+213,-1.4895220628358003e+142
-4.519547303942566e+142,-1.050845128013757e+214,-3.6891371270083207e+142
-1.081251618790969e+143,-3.639973356122862e+214,-8.900095796616713e+142
-2.465700051533572e+143,-1.2412945059753394e+215,-2.1973642800328777e+143
-5.957032646365102e+143,-4.263151710504482e+215,-5.199898413027186e+143
-1.3817757516314636e+144,-1.5194638548262694e+216,-1.2348717142867252e+144
-3.5108217443731815e+144,-5.256858285277816e+216,-3.2359941158260885e+144
-9.224596675164479e+144,-1.8134225178713651e+217,-7.903691314187111e+144
-2.255455050427905e+145,-6.135569679549288e+217,-1.9508875466145877e+145
-5.15488519741832e+145,-2.1535722621453663e+218,-4.656199341071968e+145
-1.304024178503386e+146,-7.192760139635523e+218,-1.1581690814143264e+146
-3.1297075594524783e+146,-2.4722512910353924e+219,-2.6201991374084155e+146
-7.376955046929454e+146,-8.253492656076087e+219,-5.865044134660058e+146
-1.827632865277353e+147,-2.938855757113716e+220,-1.3653394146492388e+147
-4.127323860554623e+147,-1.0135175852269592e+221,-3.371050463785101e+147
-9.717627038922741e+147,-3.5138151501413335e+221,-7.945842942133865e+147
-2.3104729260482378e+148,-1.2467116054543562e+222,-1.810822338428025e+148
-5.331406544712292e+148,-4.441153416182163e+222,-4.010028890903294e+148
-1.262188736712474e+149,-1.5927838035978513e+223,-9.081170705744896e+148
-3.13459292599881e+149,-5.744095459321453e+223,-2.0861003192896296e+149
-7.945082448388681e+149,-1.92637057574443e+224,-4.52393674672746e+149
-1.8740133901187487e+150,-6.622446722022563e+224,-1.063409112147302e+150
-4.4170536109208066e+150,-2.2985533904654507e+225,-2.6299317925445686e+150
-9.928583035314304e+150,-7.667267323501133e+225,-6.50722835143141e+150
-2.1767046588274193e+151,-2.758965336450033e+226,-1.574208304859057e+151
-4.597513626451885e+151,-9.843613978576024e+226,-3.702896563953803e+151
-9.95946524459478e+151,-3.5796657775170866e+227,-8.840038353804368e+151
-2.2114095495487097e+152,-1.2689163763971298e+228,-1.9995796762351364e+152
-5.009259304438436e+152,-4.5073389328643466e+228,-4.575214942578358e+152
-1.08222694115389e+153,-1.5341276764269503e+229,-1.0327310495103966e+153
-2.4496415243678118e+153,-5.529746561676287e+229,-2.172274712441165e+153
-5.318570747902901e+153,-1.954551430140032e+230,-4.96360507583287e+153
-1.253760416700488e+154,-6.802009471755207e+230,-1.1222762610943323e+154
-2.8815348170418234e+154,-2.2909421798469304e+231,-2.5110194109547104e+154
-6.664167803482853e+154,-8.033675966155669e+231,-5.686716922054124e+154
-1.5965091023105263e+155,-2.77200198915191e+232,-1.2685262288595927e+155
-3.9238821251732955e+155,-9.500915001836736e+232,-2.8225851694383786e+155
-8.960075864842405e+155,-3.3368628739123433e+233,-6.1785908161218105e+155
-1.9719816814019824e+156,-1.18092458263901e+234,-1.3564253238388266e+156
-4.619853771273874e+156,-4.183005293293567e+234,-2.922930971563417e+156
-1.0915645882688324e+157,-1.4515282344322786e+235,-6.337916515728449e+156
-2.397056288635284e+157,-5.123325409577136e+235,-1.4529528405727435e+157
-5.2896886505733965e+157,-1.811636393357769e+236,-3.258022357509148e+157
-1.357083234330456e+158,-6.39967269767063e+236,-7.31494599181105e+157
-3.192243434370914e+158,-2.228097418251422e+237,-1.6091643908766716e+158
-7.434081924549271e+158,-7.490112373101635e+237,-3.619431883200946e+158
-1.775749717811799e+159,-2.4876146412762576e+238,-8.053195026594959e+158
-4.104422033695138e+159,-8.076904162726995e+238,-1.7765631019969195e+159
-9.86599358739696e+159,-2.802464878968784e+239,-4.489884055557281e+159
-2.321201556018716e+160,-9.14906472936556e+239,-1.0582937339695595e+160
-5.661240935969002e+160,-3.1726754909984797e+240,-2.5235195122558677e+160
-1.3154533315210485e+161,-1.069448745736604e+241,-6.273648497072301e+160
-3.0455823765180426e+161,-3.651678210226549e+241,-1.4737302570888094e+161
-7.720027619737106e+161,-1.2621198555959628e+242,-3.4923899595833564e+161
-1.825006486395658e+162,-4.401273895659562e+242,-8.089204432547936e+161
-4.2460486485689505e+162,-1.483931067673338e+243,-2.0174228417893342e+162
-1.052966668315803e+163,-5.04058676818049e+243,-4.662930599657291e+162
-2.424812204051999e+163,-1.7796544437177725e+244,-1.0673776226242364e+163
-5.401017371545034e+163,-6.047743254829955e+244,-2.493180917526428e+163
-1.2073881347884862e+164,-2.0097042764062893e+245,-5.6205175986932163e+163
-2.712951738024111e+164,-6.306146595152233e+245,-1.2250110946482376e+164
-6.147333226560868e+164,-2.1895263549680657e+246,-2.746847430511538e+164
-1.3417907696240191e+165,-6.920672259851754e+246,-5.681598906716462e+164
-3.0985071253019502e+165,-2.426354471427172e+247,-1.3437656291032901e+165
-7.2762099176662314e+165,-8.092784025014277e+247,-3.0381045550527733e+165
-1.6527961383352133e+166,-2.8144101113738117e+248,-7.2132707765336325e+165
-3.95452855352127e+166,-9.954868935934865e+248,-1.6793816004983895e+166
-8.962538371627494e+166,-3.4810045264072505e+249,-3.9230444935320705e+166
-2.128432184209493e+167,-1.2431825972125797e+250,-9.778706548648237e+166
-4.981023865854088e+167,-4.335034110631232e+250,-2.3495334388301306e+167
-1.2324469860846588e+168,-1.506716625689436e+251,-5.391079230238889e+167
-2.916335457775725e+168,-5.1895410558199e+251,-1.2270166570045498e+168
-6.616204320204876e+168,-1.7384099348560366e+252,-2.9889418016661268e+168
-1.6268103916302643e+169,-5.811501952748136e+252,-7.194520836469725e+168
-3.861522714191472e+169,-2.009374091426603e+253,-1.7308727749605444e+169
-9.267773597893905e+169,-7.096481221884151e+253,-4.065203244096866e+169
-2.137961214767756e+170,-2.4592388874364303e+254,-9.207937296735206e+169
-4.993211518920408e+170,-8.860441103480214e+254,-2.2162663622393513e+170
-1.0951136780181822e+171,-3.028340855687811e+255,-5.241534119470488e+170
-2.6718384493889425e+171,-1.0649514247220833e+256,-1.1596828034170651e+171
-6.3072362408821195e+171,-3.635306826547756e+256,-2.4145077949577464e+171
-1.5139092277112624e+172,-1.282909756230423e+257,-5.301030276124313e+171
-3.7221967362456474e+172,-4.4072070724735225e+257,-1.1174645563366202e+172
-8.760307831892541e+172,-1.516022296658495e+258,-2.2704409047656116e+172
-2.006058379605466e+173,-5.109655963552138e+258,-4.90642393908785e+172
-4.429963338422289e+173,-1.78470777793325e+259,-1.0141390575882695e+173
-1.1002707250355779e+174,-6.23879153520078e+259,-2.385911182754756e+173
-2.5012443069588714e+174,-2.1164928560078767e+260,-5.30834974230503e+173
-5.754867016083436e+174,-7.239188958897982e+260,-1.2112846797400248e+174
-1.2292910271286956e+175,-2.532092454315355e+261,-2.837486334400397e+174
-2.7150489566938365e+175,-8.572981487406993e+261,-6.590154220083616e+174
-6.116798331442399e+175,-2.9987194002591732e+262,-1.4677918084235666e+175
-1.4031456338205538e+176,-1.0534063628549754e+263,-3.258897905749e+175
-3.333547276243447e+176,-3.6405059298990857e+263,-7.402963028728639e+175
-7.61113054376661e+176,-1.2760794966613682e+264,-1.722526208257214e+176
-1.6944418127700234e+177,-4.46671755144528e+264,-4.1250264747625666e+176
-3.797944671384744e+177,-1.5271582743915442e+265,-9.344656616297837e+176
-8.25179777439647e+177,-5.2152226653092506e+265,-2.1559298567965407e+177
-1.810810330541566e+178,-1.7658970961753773e+266,-5.067439543955289e+177
-4.04231460855768e+178,-5.919674737173323e+266,-1.1511744126892526e+178
-9.282453403170255e+178,-2.087794726667349e+267,-2.6567597871539373e+178
