pso,hgapso,logapso
5485379.939950955,5489006.554349795,5486178.736271488
5413426.705456952,5437664.026866606,5416625.974824873
5294330.471018731,5403153.608047602,5312450.296133062
5154160.26519375,5163532.357835055,5175736.789025796
4971643.4056611555,4836453.970516104,4998675.8378490945
4741048.766025533,4204401.2599155065,4775074.787456086
4431564.366085228,3336936.2307865983,4454456.763575767
4009817.6008880334,2377222.930864741,3801431.754800708
3450651.528612935,881918.8291410618,2992256.6445699884
2682124.543490042,-678415.524093082,2427009.1520269415
1821670.6908950668,-3356396.3121459982,1980292.4051340956
782108.6659600029,-17967584.29929688,1370295.815215333
17940.226054253893,-66580771.70560519,590425.0642774672
-539266.328259256,-282108444.6623282,-293708.16972689395
-1725287.9360480737,-927884269.2894976,-1534853.3277460176
-4209614.96751079,-3201856434.291879,-3060806.8248162013
-9224068.415900007,-12062804096.187506,-5778263.694968076
-21100578.018684246,-37629870647.04379,-11023037.522828843
-49449204.57783979,-135161189096.09286,-22404555.83301859
-112257662.1352826,-481043610614.74335,-45806371.46024732
-238302233.03479242,-1599907512516.1968,-99568105.35383464
-472512022.0526802,-6049753467311.992,-208747325.35157675
-1049507978.3045719,-21396242482074.176,-474909579.553022
-2529953970.101181,-74392479356606.6,-1071210643.0746555
-5511486078.775298,-249622598271740.8,-2470759687.0661154
-12665432980.697641,-881642679662295.0,-5670967457.845598
-29093040002.96516,-2848411571608862.0,-12152539999.851019
-68597900259.98338,-9248513394394878.0,-26475311082.942177
-165007722984.37778,-3.381614258717561e+16,-67965349189.35996
-412817235438.1026,-1.17584212115029e+17,-163415997530.04355
-1093743535423.0422,-4.0722264131848096e+17,-377866068285.2199
-2775683052006.406,-1.356716020503841e+18,-914744854188.0886
-6462118882756.318,-4.611731901073125e+18,-2281726821776.3506
-13907431644080.959,-1.5806177775675812e+19,-5226281007333.889
-30267749116817.273,-5.360219179343132e+19,-11880851020730.85
-64086301850526.48,-1.637827484685813e+20,-25596187836392.406
-130247341263202.3,-5.276169960387692e+20,-54838894682682.2
-296872029812522.3,-1.8628245633050128e+21,-118341298545136.67
-675340002770584.8,-6.135473461558052e+21,-248266094121124.8
-1408703570622563.2,-2.0577848461287018e+22,-568841425096920.2
-2931002761000701.5,-7.125192850267681e+22,-1248876122969949.0
-6188877190351888.0,-2.502074528627154e+23,-3008620683951499.5
-1.3435313698812772e+16,-8.422583160212214e+23,-7352731240556910.0
-2.953633073103023e+16,-2.9359606075247547e+24,-1.834918159295049e+16
-6.3830219945071336e+16,-1.0108890096842997e+25,-4.444479340595195e+16
-1.3665876844386616e+17,-3.3896223051486905e+25,-1.0922499206940266e+17
-3.208899942119963e+17,-1.1784871102388255e+26,-2.638135155899718e+17
-7.738901109694927e+17,-4.0136157555126205e+26,-6.82986952345639e+17
-1.696425407486465e+18,-1.3852814446204958e+27,-1.5868902416985492e+18
-3.67080523670338e+18,-4.9419204335511496e+27,-3.3689820963130496e+18
-8.560133304238434e+18,-1.7952869813396443e+28,-6.915060783835187e+18
-1.9574345905597882e+19,-6.087762227232874e+28,-1.5126382752033296e+19
-4.3632171017657336e+19,-2.0803442427392276e+29,-3.1050497617822437e+19
-9.775347237080216e+19,-6.901172831397072e+29,-6.627576590336048e+19
-2.47838527778925e+20,-2.3395443015123333e+30,-1.3916181596409823e+20
-5.4504394247421546e+20,-7.939630552269394e+30,-3.146609300580575e+20
-1.3719822924833075e+21,-2.6932906080815833e+31,-5.899964788269807e+20
-3.1135022499214734e+21,-9.097567764716647e+31,-1.3915895491115994e+21
-7.847869790532793e+21,-2.8280586263813115e+32,-2.998517747093789e+21
-1.8027145165828335e+22,-9.90019176981535e+32,-6.558178849449686e+21
-3.941746829615242e+22,-3.305060904089431e+33,-1.3540540541070192e+22
-8.151924630593778e+22,-1.078498869136385e+34,-3.0948053762359654e+22
-1.670491112004895e+23,-3.658926360945066e+34,-6.716341200523881e+22
-3.818026824406676e+23,-1.304123172111309e+35,-1.3644851274755899e+23
-8.286890470524889e+23,-4.370694521646896e+35,-3.0903103881443106e+23
-1.7440171035559753e+24,-1.5007263349296577e+36,-6.049113217264616e+23
-3.7801173605932164e+24,-5.150500763383957e+36,-1.3298925216579986e+24
-8.576951527419804e+24,-1.703337700224353e+37,-3.010131918725987e+24
-1.8510798412823428e+25,-5.607967424429045e+37,-6.09529972722537e+24
-4.174109328791682e+25,-1.9047024835527984e+38,-1.3630460301793312e+25
-1.0076819853815164e+26,-6.6206109679310855e+38,-2.9988809488912988e+25
-2.3760211060697214e+26,-2.2752712738402723e+39,-7.067201024538316e+25
-5.1569945979393694e+26,-7.736521952573036e+39,-1.593764777698531e+26
-1.1845166725781946e+27,-2.6219577485338353e+40,-3.190435937365428e+26
-2.750555833515957e+27,-8.961546765771255e+40,-6.1183371409867065e+26
-6.332151928990576e+27,-3.1630675905517287e+41,-1.3304939853449802e+27
-1.4690102417624752e+28,-1.0897360247495768e+42,-2.7721901768422397e+27
-3.3100056720392757e+28,-3.722012410700908e+42,-5.67946236512061e+27
-7.701792888894188e+28,-1.2319166767329873e+43,-1.1036620002774742e+28
-1.710417323189169e+29,-4.2173260194166564e+43,-2.2413912012398034e+28
-3.8973567768893216e+29,-1.4774249595052675e+44,-5.00874933105175e+28
-9.118756986383199e+29,-5.064898789193095e+44,-1.0149740456435339e+29
-1.9800583947889108e+30,-1.826044685422878e+45,-2.291778427136298e+29
-4.762809653164381e+30,-6.37822753950897e+45,-4.897780230993694e+29
-1.1111380225122187e+31,-2.1295842150143815e+46,-1.072635392383795e+30
-2.586335309623517e+31,-7.106078004015174e+46,-2.2783477891229203e+30
-5.982679981812887e+31,-2.327571094755542e+47,-4.839613467725702e+30
-1.4218091148919166e+32,-8.252722860939383e+47,-1.0311452722154786e+31
-3.848483220802135e+32,-2.7879364901788156e+48,-2.263625776130871e+31
-9.723045765611499e+32,-9.664306874827911e+48,-4.997573739648496e+31
-2.2411318428274178e+33,-3.4166024977204067e+49,-1.119993568143433e+32
-5.139287572942832e+33,-1.2323355095176971e+50,-2.524459975512304e+32
-1.1437153810334472e+34,-4.362565390695422e+50,-5.70202739009175e+32
-2.4928777656426566e+34,-1.4900019336044054e+51,-1.3011436527517843e+33
-5.128805294602753e+34,-5.2968805426526985e+51,-2.7913285071880494e+33
-1.0798348068425412e+35,-1.8839012918580382e+52,-5.768876738536295e+33
-2.4544576818691076e+35,-6.557510448319104e+52,-1.2460523135613854e+34
-4.950132756378425e+35,-2.3754523589400112e+53,-2.623217730616427e+34
-9.588699403236062e+35,-8.215586591629064e+53,-5.376165228550089e+34
-2.2639290018124352e+36,-2.7296405513929763e+54,-1.1513690992593184e+35
-5.362216239326486e+36,-9.352406449838957e+54,-2.4793500902580167e+35
-1.0951124816419762e+37,-3.3536364996706764e+55,-5.3234145548921806e+35
-2.8381809135595374e+37,-1.1917558801467087e+56,-1.1712739359416274e+36
-6.83280884827088e+37,-4.17337927852984e+56,-2.587712039102495e+36
-1.5034360639893347e+38,-1.366741626843475e+57,-5.656132887545735e+36
-3.3761857930157658e+38,-4.6704142795528764e+57,-1.2379340900127385e+37
-7.900992833447207e+38,-1.5747737150631036e+58,-2.6508308768217905e+37
-1.7567743550083188e+39,-5.461508956694039e+58,-6.07888923465289e+37
-4.047005900128321e+39,-1.8436782251800623e+59,-1.4017532947105394e+38
-8.301717823643711e+39,-6.542208914342102e+59,-3.0326583811124935e+38
-1.7456487742727842e+40,-2.3318293071899978e+60,-6.713749864448482e+38
-4.0176088396058924e+40,-7.786953799951412e+60,-1.5316599041448032e+39
-9.253132255898108e+40,-2.7163782617847097e+61,-3.5191339262378656e+39
-2.0020403908059508e+41,-9.305602006775521e+61,-7.739592608418571e+39
-4.357572008746937e+41,-3.101823393623033e+62,-1.6694957365908337e+40
-9.03572857766565e+41,-1.0886269166937981e+63,-3.7875154157774877e+40
-1.8155914981228642e+42,-3.8451031602542644e+63,-8.82723467918571e+40
-4.2614580113962553e+42,-1.281916581517466e+64,-1.950485882266723e+41
-9.643014125205818e+42,-4.652093696168753e+64,-4.2336248136643044e+41
-2.0602928002448001e+43,-1.6641173952075008e+65,-9.612555279844361e+41
-4.571487415367189e+43,-5.72658732459568e+65,-2.3788154937762272e+42
-9.45095260440911e+43,-2.039949517317518e+66,-5.38951686768056e+42
-2.147748037008239e+44,-7.034938930291294e+66,-1.2422115024364758e+43
-4.610312606522133e+44,-2.4136050786917025e+67,-2.7831569532835737e+43
-9.485378841249435e+44,-8.404493070711452e+67,-6.304564669276382e+43
-2.0318126448182268e+45,-2.993696320939982e+68,-1.4768368109482678e+44
-4.1916800407720835e+45,-1.0052270188387014e+69,-3.2993069089260385e+44
-8.845546874410847e+45,-3.398464896825683e+69,-7.650550909229309e+44
-1.97805657396084e+46,-1.2010632564034347e+70,-1.7393980198323822e+45
-4.2957361337595494e+46,-4.0793395335389145e+70,-3.9787091305939934e+45
-1.0740518257132217e+47,-1.3533142622935117e+71,-9.326186706629647e+45
-2.5091344629462276e+47,-4.697416738420668e+71,-2.0131924954510406e+46
-6.5376055380522085e+47,-1.6329630425953165e+72,-5.085742262017567e+46
-1.6431272776306666e+48,-5.3499035865852504e+72,-1.1748377310923888e+47
-3.641724448833253e+48,-1.840066999093623e+73,-2.8325577396517453e+47
-8.40641297463561e+48,-6.467768025521592e+73,-6.7944293608612815e+47
-1.8390293091385633e+49,-2.2470935372789916e+74,-1.616523705446347e+48
-3.8356582462849997e+49,-7.767688474439634e+74,-3.7966789387282185e+48
-9.201088011095969e+49,-2.7490634504395713e+75,-9.23936399455196e+48
-2.0579162076001084e+50,-9.417981840000896e+75,-2.097902777626604e+49
-4.728737755536084e+50,-3.3168182885596624e+76,-5.043294082940337e+49
-1.0426202591979919e+51,-1.1547464591873163e+77,-1.2444930520826812e+50
-2.285773022856136e+51,-4.136462172338663e+77,-2.9079165169137268e+50
-5.156559711115815e+51,-1.4621438132366742e+78,-6.603366569852856e+50
-1.2874585332745537e+52,-5.007961339110127e+78,-1.4883815186158218e+51
-3.0040065699746194e+52,-1.766463351189033e+79,-3.259521356159607e+51
-7.103507613398037e+52,-5.961405676616486e+79,-7.396028379628253e+51
-1.6548810046638257e+53,-1.9746411082589912e+80,-1.7679281389743824e+52
-3.61292392080014e+53,-6.981531692215582e+80,-3.9976787699181965e+52
-7.572279147540039e+53,-2.3313505873892943e+81,-8.761621280893961e+52
-1.6296513285785532e+54,-7.778244179504082e+81,-1.9291013937235356e+53
-4.045945160789988e+54,-2.515133440855869e+82,-4.291440270397829e+53
-9.387405505511973e+54,-8.35414867443136e+82,-9.325261726606504e+53
-2.2521662983595406e+55,-2.823272107732366e+83,-2.002237064208454e+54
-5.010784234806711e+55,-9.816726589682734e+83,-4.287150202397709e+54
-1.176770990635724e+56,-3.247023274628717e+84,-8.641878683812413e+54
-2.8236927122336414e+56,-1.0843315624597452e+85,-1.7988997454815655e+55
-6.1281740043291875e+56,-3.727470976637476e+85,-3.7882081780091556e+55
-1.336702947474582e+57,-1.2038571594407624e+86,-8.13683760759448e+55
-3.3346599473653645e+57,-4.3091372392595584e+86,-1.890776305665108e+56
-7.957001550753853e+57,-1.4606397352955123e+87,-4.55717412998366e+56
-1.7698885730786845e+58,-5.270816049510478e+87,-1.0757468854825498e+57
-3.9663974504151344e+58,-1.8175469301201955e+88,-2.4988294394183028e+57
-8.887820805987883e+58,-6.316657476979426e+88,-5.601350565413814e+57
-2.0841838957181097e+59,-2.150570742723811e+89,-1.3059468110854498e+58
-4.721418381123934e+59,-7.505759912797905e+89,-2.9487904819662893e+58
-1.0914952678294795e+60,-2.5329555849414415e+90,-6.452370725938925e+58
-2.435583368630288e+60,-8.69576945535716e+90,-1.3901006049832844e+59
-5.2643507211650644e+60,-3.0463820483896068e+91,-3.0233658898210873e+59
-1.1391395676285918e+61,-1.0445583077066355e+92,-6.332319951426652e+59
-2.4009310554413674e+61,-3.5787457223559177e+92,-1.407500962924357e+60
-5.348603114892419e+61,-1.1705868293726058e+93,-2.9710112454978127e+60
-1.1964444256939732e+62,-4.1205697453669856e+93,-6.648636133549529e+60
-2.700900077498907e+62,-1.4638974860466179e+94,-1.4863324045778092e+61
-6.156146353243017e+62,-5.218295200888707e+94,-3.444250596252006e+61
-1.3727344875843456e+63,-1.8690319958775265e+95,-7.72406777519719e+61
-3.0893830039111955e+63,-6.685745282983802e+95,-1.7402302065480002e+62
-6.979359355168926e+63,-2.2401690266044627e+96,-4.353544310606816e+62
-1.6121447357541196e+64,-7.839593660970542e+96,-1.044901184224126e+63
-3.9999338298972125e+64,-2.703606715640552e+97,-2.426066045966848e+63
-9.157775967208408e+64,-8.995298942044743e+97,-5.686987742387705e+63
-2.028057805423927e+65,-3.1350233167134636e+98,-1.281179327982298e+64
-4.541761244039013e+65,-1.0557482682081467e+99,-2.838355214049362e+64
-1.0103636938609633e+66,-3.859872408630864e+99,-6.577862964401225e+64
-2.490615815910357e+66,-1.3248387967182807e+100,-1.4661018414069436e+65
-5.526258894926147e+66,-4.709734209903743e+100,-3.3062794968532894e+65
-1.1979763686613145e+67,-1.6617396536132256e+101,-7.512523302507213e+65
-2.583912303217687e+67,-5.780824267756222e+101,-1.731845629269638e+66
-5.574506268118674e+67,-1.9637581476584682e+102,-4.2687036982168184e+66
-1.3528126148994359e+68,-6.845119712763502e+102,-9.879468661195053e+66
-3.233303338361533e+68,-2.3937791892622255e+103,-2.3683567192246928e+67
-7.554764553898245e+68,-8.56734462306997e+103,-5.618168148114594e+67
-1.736467220528818e+69,-2.92553242832956e+104,-1.1987618172227566e+68
-3.792107046799531e+69,-9.807229903162762e+104,-2.5286580495500643e+68
-8.210432791830406e+69,-3.154556919481871e+105,-5.625981568277664e+68
-1.761758879550003e+70,-1.0494802471937472e+106,-1.2406898862165096e+69
-4.0785142951928136e+70,-3.6200766432038823e+106,-2.6759614116652067e+69
-1.0746525193674708e+71,-1.2507277958101148e+107,-5.835920686900286e+69
-2.552844430754366e+71,-4.1354389343992526e+107,-1.197745888781071e+70
-5.44096866899746e+71,-1.5073945234576672e+108,-2.444495459055935e+70
-1.2248686393530586e+72,-5.132499365480998e+108,-5.2148718276302626e+70
-3.0340159631495464e+72,-1.7363541983478612e+109,-1.1380763450556672e+71
-6.810834849858874e+72,-6.045524570422949e+109,-3.221755517656125e+71
-1.5390220754338006e+73,-2.0955946842299295e+110,-8.4550218033241335e+71
-3.345138877082399e+73,-6.855417202579341e+110,-2.2225334675850976e+72
-7.659247867776623e+73,-2.3588465882454933e+111,-5.466494058921515e+72
-1.7075725984210548e+74,-8.375881460316651e+111,-1.333586125732708e+73
-4.147870715206288e+74,-2.8882893859234864e+112,-3.262135055528033e+73
-9.415506753248597e+74,-9.846400316915008e+112,-7.603083332784275e+73
-1.989942989996292e+75,-3.326888528466769e+113,-1.7090130860782662e+74
-4.727920426493136e+75,-1.1809679616571352e+114,-3.8784156227761057e+74
-1.0626657342510423e+76,-4.0112167069399413e+114,-8.429111688419323e+74
-2.4943673723050615e+76,-1.4404719468701069e+115,-1.8557432222495518e+75
-5.471049068057235e+76,-4.956404683536916e+115,-4.225288868351133e+75
-1.2911394559384054e+77,-1.6855175483730688e+116,-9.537217567449876e+75
-2.779203200665177e+77,-6.073707434858427e+116,-2.082381129523413e+76
-6.063707325342075e+77,-2.1349960188938625e+117,-4.749502808520657e+76
-1.5160330961128679e+78,-7.361378154718625e+117,-1.1154937897157842e+77
-3.663484595466015e+78,-2.5677153102303456e+118,-2.341588495881735e+77
-8.49836665189899e+78,-8.529397570405532e+118,-5.709029439434556e+77
-1.8389996283255216e+79,-2.910512483847816e+119,-1.4616017240824333e+78
-4.3152544903012827e+79,-1.0181177448059248e+120,-3.3242749336856564e+78
-1.0486480293752652e+80,-3.5392785609601094e+120,-8.24454040086084e+78
-2.556658147489493e+80,-1.203222241711191e+121,-2.161959949434624e+79
-5.930185095212188e+80,-4.129005055705349e+121,-5.106098170717026e+79
-1.4155608879464115e+81,-1.4140627904228126e+122,-1.2957755142464708e+80
-3.575507259980091e+81,-5.069553967106065e+122,-3.2546384858974643e+80
-9.40337325811947e+81,-1.778824594603769e+123,-8.217057550782309e+80
-2.40037243056037e+82,-5.90816720409005e+123,-2.1559276469089713e+81
-5.825727399616766e+82,-1.9553453257507538e+124,-5.376473045554388e+81
-1.5647368824810224e+83,-6.881610191855303e+124,-1.2802929866846107e+82
-3.9753115955524046e+83,-2.3887221799377863e+125,-2.994902156441002e+82
-1.0901842875292748e+84,-8.002878958129594e+125,-7.010860797576387e+82
-2.630822533512233e+84,-2.754794511240491e+126,-1.640837279111082e+83
-6.6125710905054885e+84,-9.793530541859317e+126,-3.848652057791448e+83
-1.6915012477340323e+85,-3.4658478958188574e+127,-8.53855626282135e+83
-3.9510193016309876e+85,-1.1996639033074681e+128,-1.8676321185762055e+84
-9.092309706044364e+85,-4.262995747781489e+128,-3.903131850764686e+84
-1.9775484921583118e+86,-1.4349997310158978e+129,-8.53343055531577e+84
-4.4876106447337816e+86,-4.9364383295456906e+129,-1.8013064057238965e+85
-1.111946022854228e+87,-1.6353895831070202e+130,-3.954588292239082e+85
-2.4476936844086145e+87,-5.658108385708624e+130,-8.456744218235886e+85
-5.307937872289283e+87,-1.7909641175792078e+131,-1.8370785273569833e+86
-1.1094689498050297e+88,-6.309576942552078e+131,-4.0651037394792336e+86
-2.4105046199115946e+88,-2.115509251427125e+132,-8.767638822668099e+86
-5.244814104699744e+88,-7.233873963692897e+132,-2.4055875004771673e+87
-1.0707104533606116e+89,-2.5385272893513784e+133,-5.677100657319729e+87
-2.2785786712050995e+89,-9.032795022238006e+133,-1.2931992842259252e+88
-4.778369336855003e+89,-3.0114054232435754e+134,-3.0683454237362647e+88
-1.0461725387991858e+90,-1.0807090444520942e+135,-6.949540254414142e+88
-2.40824904961945e+90,-3.8938206697224106e+135,-1.4830316072784164e+89
-5.407192574126546e+90,-1.3193315537521428e+136,-3.2853947179783274e+89
-1.1998058150547315e+91,-4.681743830144233e+136,-7.138632284442223e+89
-2.7834472808218022e+91,-1.6685977466372502e+137,-1.7450473794176613e+90
-6.420844808151424e+91,-5.635639575892333e+137,-3.8851011442010734e+90
-1.408940330328887e+92,-1.9448606007163177e+138,-8.57456630041868e+90
-3.1290214357691385e+92,-6.62820743559891e+138,-1.9662551962874902e+91
-6.914246835224358e+92,-2.2643859975431546e+139,-4.4635946459795685e+91
-1.4791075802311846e+93,-7.635936382523842e+139,-1.0000741757457801e+92
-3.3809434622369244e+93,-2.7361382506617496e+140,-2.1487332076788778e+92
-7.079722288515468e+93,-9.34226617133854e+140,-4.78762220406063e+92
-1.4614992417400538e+94,-3.230903946513622e+141,-1.1226339814920121e+93
-3.2001720718239284e+94,-1.154712497395763e+142,-2.398063649900314e+93
-6.637349187043077e+94,-3.9165562102275745e+142,-5.344636350218003e+93
-1.475265777802987e+95,-1.2852106010648503e+143,-1.2022160444435423e+94
-3.214118492126289e+95,-4.593321694885568e+143,-2.7459687949586065e+94
-7.502436658228378e+95,-1.6334385433814383e+144,-5.880736516839946e+94
-1.6620736638398527e+96,-5.35383864445095e+144,-1.2738739898677914e+95
-3.9479637260967215e+96,-1.8744413480219141e+145,-2.8044551769022234e+95
-9.298255031309273e+96,-6.672059634735626e+145,-6.306686519035325e+95
-2.199265034785932e+97,-2.2865100332175786e+146,-1.3561820974133843e+96
-5.528388849957137e+97,-7.725331284100476e+146,-2.971513946490393e+96
-1.2228193500035345e+98,-2.706617800243841e+147,-6.473050649054704e+96
-2.7672294424228703e+98,-9.427066490344127e+147,-1.4872497525737273e+97
-6.448618271384651e+98,-3.244640860736208e+148,-3.2291612574573848e+97
-1.588383174144967e+99,-1.103480394721659e+149,-7.742921453114962e+97
-3.4929828605008023e+99,-3.887112235719659e+149,-1.7153069509809153e+98
-7.999520228410094e+99,-1.3400709587683472e+150,-3.983214012402205e+98
-1.7965369446414395e+100,-4.859978129608461e+150,-8.628837261353572e+98
-4.353766600243018e+100,-1.7108491822258256e+151,-1.8970196264977352e+99
-1.0378366626716703e+101,-5.717652816755107e+151,-4.489599711365934e+99
-2.6612300295582115e+101,-1.8980524827017777e+152,-1.0464075023895963e+100
-6.157114527514208e+101,-6.351983157675644e+152,-2.3627612032323626e+100
-1.4253041227443809e+102,-2.287277145716363e+153,-5.9256340991499765e+100
-3.356780175281595e+102,-7.65023452433771e+153,-1.3161784387676735e+101
-7.515143106147333e+102,-2.6140453442969144e+154,-3.0399393436431774e+101
-1.7239997862507473e+103,-8.969031198866691e+154,-6.777945317768952e+101
-3.827668542636683e+103,-2.906758257738024e+155,-1.4874091493107696e+102
-7.891028669894508e+103,-1.1025050837374594e+156,-3.193639039934179e+102
-1.5981115971769112e+104,-3.866997204571912e+156,-6.890997316642155e+102
-3.145883752352626e+104,-1.3226780485086372e+157,-1.5171674945250312e+103
-6.731475110567319e+104,-4.5775281590786296e+157,-3.29493612083013e+103
-1.3499305697336048e+105,-1.5083402082081484e+158,-7.634315592582336e+103
-2.7368485083029536e+105,-5.297858190575783e+158,-1.667651448612343e+104
-5.982556277083975e+105,-1.848149541092679e+159,-3.4121133752980465e+104
-1.5387990574770437e+106,-6.0086260594125915e+159,-7.564408710425682e+104
-3.425652996211905e+106,-2.0142647811747254e+160,-1.640773774514772e+105
-7.865165792222995e+106,-7.146787319662179e+160,-3.5052920244649516e+105
-1.857757902041089e+107,-2.433677540697244e+161,-7.155926215499888e+105
-4.626759293216708e+107,-7.774710852397862e+161,-1.7351555655650586e+106
-9.566713427406202e+107,-2.6357284761570313e+162,-3.916499194659132e+106
-1.9190305650789626e+108,-8.522120832822937e+162,-8.978435040011126e+106
-3.9470040952450317e+108,-2.6699218386382593e+163,-2.1877923872434977e+107
-8.458377797834668e+108,-9.388044397376856e+163,-5.1247055208453926e+107
-1.6941006219599317e+109,-3.0660516055659826e+164,-1.1981099849681542e+108
-3.4642803297761655e+109,-1.037708064611141e+165,-2.8261750987849074e+108
-7.661558014664125e+109,-3.5771927393678483e+165,-6.300406245409805e+108
-1.6812340525021918e+110,-1.2859445714676093e+166,-1.3511143030778223e+109
-4.217960854815719e+110,-4.325953989667804e+166,-3.0441738145714226e+109
-9.351258626108301e+110,-1.5479810086391893e+167,-6.719851945119574e+109
-2.0996858449259003e+111,-5.211890039857064e+167,-1.5578417935766735e+110
-4.745711206823422e+111,-1.795574954011154e+168,-3.501131668573558e+110
-1.0883067284716728e+112,-5.912421649778558e+168,-7.94963181563983e+110
-2.422515787542966e+112,-2.0506370205741327e+169,-1.8297549749718152e+111
-5.4059881584504276e+112,-7.121227675237627e+169,-4.498784014269416e+111
-1.194704406367994e+113,-2.3474777326032155e+170,-1.1001860772836351e+112
-2.984067661349557e+113,-7.608267324913179e+170,-2.6318631191094464e+112
-6.709089932716344e+113,-2.624913589129235e+171,-6.005762471809638e+112
-1.464593167000216e+114,-8.863422378743903e+171,-1.2777182179743546e+113
-3.684599538985139e+114,-2.9111915926567586e+172,-2.7271986018849403e+113
-9.409020448495037e+114,-9.96888259756858e+172,-5.7996763850600364e+113
-2.221814142471001e+115,-3.3636980596073963e+173,-1.3254133778561237e+114
-5.166624111080419e+115,-1.1802835793618268e+174,-3.235512303354907e+114
-1.2014821120239471e+116,-4.000881715846054e+174,-7.49033879303413e+114
-2.6783977999362634e+116,-1.4243646437867745e+175,-1.7542024663778581e+115
-6.932378421375982e+116,-4.791437037624123e+175,-4.157867870698545e+115
-1.603625930309151e+117,-1.6775536349182843e+176,-1.0126677639193763e+116
-3.500998044621898e+117,-5.979809302681804e+176,-2.4088056062622616e+116
-8.621612688143755e+117,-2.0732921925833997e+177,-5.7773341659782785e+116
-1.859185222781223e+118,-7.22398372709504e+177,-1.467963430535625e+117
-3.9461641542251673e+118,-2.5961674913392566e+178,-3.2776410202916267e+117
-8.59213203715866e+118,-8.823796704097224e+178,-7.557525419326303e+117
-1.8551674345860265e+119,-2.9829543458385974e+179,-1.7787621853023496e+118
-3.833296251097315e+119,-9.630260995501146e+179,-4.496102972238626e+118
-8.597170628003148e+119,-3.1983820552946493e+180,-1.0150226237540203e+119
-1.6977454076750126e+120,-1.0698740452159793e+181,-2.3235832076260614e+119
-3.643448929086136e+120,-3.7835029188968895e+181,-5.725978887593733e+119
-8.774295920198572e+120,-1.2366638754512393e+182,-1.4057998696738528e+120
-2.2640666727150936e+121,-4.381247376193401e+182,-3.2813497617208165e+120
-4.714492702003804e+121,-1.5121422507909824e+183,-7.942854609230324e+120
-1.0240268536745301e+122,-5.210136961419727e+183,-1.8247804745252875e+121
-2.1349396388593178e+122,-1.860699704989649e+184,-4.29154483610094e+121
-4.591670958015219e+122,-6.718942785684537e+184,-1.0146723862622364e+122
-9.961069061665016e+122,-2.410276926711055e+185,-2.3843462094502444e+122
-1.998841093718999e+123,-8.336856464072042e+185,-5.335512074724315e+122
-4.171409483052935e+123,-2.930662961544844e+186,-1.1077330886223134e+123
-8.684165743008907e+123,-1.0468800742945582e+187,-2.4973363055891075e+123
-1.8241960788586117e+124,-3.5674325437540716e+187,-5.530944167462115e+123
-3.842138454217259e+124,-1.2250388582858343e+188,-1.170336468090112e+124
-8.776111992427218e+124,-4.206244397615983e+188,-2.594904420892048e+124
-1.9428347433520357e+125,-1.3843984981717726e+189,-5.871132905292353e+124
-4.522152239353957e+125,-4.677197268124093e+189,-1.5112198312355903e+125
-1.0245334571194217e+126,-1.6096533754923841e+190,-3.6012239494004376e+125
-2.3080174371569673e+126,-5.435021121702956e+190,-9.79810254263096e+125
-5.3168315658239776e+126,-1.9174809874325172e+191,-2.39780847747789e+126
-1.2883238690308432e+127,-6.781549965899421e+191,-6.184001614511043e+126
-2.790774734827094e+127,-2.3246777374924107e+192,-1.5376520408791865e+127
-6.072476536969117e+127,-7.614645824574529e+192,-3.702725332795497e+127
-1.4528745416807893e+128,-2.627761883806483e+193,-8.76963115039593e+127
-3.2176234190403542e+128,-9.214284866594936e+193,-1.955016285723898e+128
-7.288623030196424e+128,-3.204274840744921e+194,-4.377184209454734e+128
-1.591754597160733e+129,-1.0797626728276529e+195,-9.862104768179854e+128
-3.6158765222987327e+129,-3.5684352072111585e+195,-2.2917531498765793e+129
-8.261680626810564e+129,-1.16373347623428e+196,-5.2498910805286023e+129
-1.6780195297087141e+130,-4.055174641034283e+196,-1.1298215236098997e+130
-3.7845602024533523e+130,-1.309465425222175e+197,-2.6505783632708363e+130
-7.928109397941859e+130,-4.3249918255836776e+197,-5.816454275202913e+130
-1.9894497071795715e+131,-1.4392188454113893e+198,-1.2862484758785347e+131
-4.912144208934708e+131,-4.86516792798715e+198,-3.181674658191459e+131
-1.1956659741001878e+132,-1.6937152149884945e+199,-6.8890773927528474e+131
-3.1397177212410603e+132,-5.587027551150133e+199,-1.5435883790750215e+132
-8.30244093588898e+132,-2.0101221466274095e+200,-4.635928147876808e+132
-1.9499118052086523e+133,-7.223489303847224e+200,-1.2058480506811362e+133
-4.411957607547722e+133,-2.5285685901389624e+201,-2.905970037327154e+133
-1.0719230017490345e+134,-8.598849156916869e+201,-6.905258915462921e+133
-2.588538491701813e+134,-2.8971897679686954e+202,-1.828139182406912e+134
-5.861865770989635e+134,-1.0003734049396698e+203,-5.244102952527522e+134
-1.2855576633582511e+135,-3.3417165752469664e+203,-1.3367283794741522e+135
-2.99363716409165e+135,-1.1471638180794183e+204,-3.4688514246765574e+135
-6.051666899749525e+135,-4.027221839659515e+204,-8.225157624574222e+135
-1.2811659780679975e+136,-1.4063615873070083e+205,-2.1648441958145947e+136
-3.194136654952956e+136,-4.612643036379943e+205,-5.057176196275783e+136
-7.260810269466476e+136,-1.6248115736970364e+206,-1.1436149626823327e+137
-1.6735201438965797e+137,-5.3947465678512945e+206,-2.8609782503017213e+137
-4.1281724597979396e+137,-1.7299354547077623e+207,-6.840277878213518e+137
-9.672446095092492e+137,-5.859845993917474e+207,-1.550752797940865e+138
-2.1295979906767613e+138,-1.9897751428868168e+208,-3.432733922880878e+138
-5.145012612739757e+138,-6.472767126209644e+208,-7.841200222138382e+138
-1.1882600740904447e+139,-2.2888878806083275e+209,-1.6591968376671187e+139
-2.8443899008244617e+139,-7.865989083850203e+209,-3.594264318882792e+139
-6.235192116494586e+139,-2.683498669323124e+210,-8.042951950006269e+139
-1.3353676385202117e+140,-9.185802237890957e+210,-1.7640668908133497e+140
-2.7762428267071312e+140,-3.230838653402574e+211,-3.830393768340482e+140
-5.760932329025545e+140,-1.1334884844637482e+212,-8.282361258358416e+140
-1.1904804295616316e+141,-3.926815166798078e+212,-1.762420233569002e+141
-2.680214224796511e+141,-1.4258432805500827e+213,-3.799091898768513e+141
-6.016992155447588e+141,-5.029552878404161e+213,-8.443237642382731e+141
-1.2872275771422914e+142,-1.8076573926684534e+214,-1.8010936699472837e+142
-3.3002742981523236e+142,-6.047145585853304e+214,-4.0529543511214387e+142
-8.081343068026229e+142,-2.159149342260236e+215,-9.238490620671069e+142
-1.8936036449228616e+143,-7.715708327398216e+215,-2.4304750118751236e+143
-4.561200459890742e+143,-2.6720164194493006e+216,-5.884435711335802e+143
-1.14509730067318e+144,-8.988874408101634e+216,-1.3708057640052446e+144
-2.65991155413671e+144,-3.0805278583194124e+217,-3.2195908947851964e+144
-6.571025464548628e+144,-1.070986525552115e+218,-7.852265401856493e+144
-1.8834074712711672e+145,-3.507198680390803e+218,-1.759784228313645e+145
-4.6676445465087803e+145,-1.2385105663557652e+219,-3.846006912925471e+145
-1.1116150847169568e+146,-4.278632927666638e+219,-8.913796828942023e+145
-2.578202794683954e+146,-1.4381067310475e+220,-1.9347187939948605e+146
-5.739113500942669e+146,-4.9022055673809e+220,-4.312967543559303e+146
-1.3866740365860335e+147,-1.7411154392581243e+221,-1.0522432453381405e+147
-3.0151712833635948e+147,-6.193468180350156e+221,-2.5533275540290795e+147
-7.168077204684951e+147,-2.2071859436794635e+222,-5.8537464137057536e+147
-1.7130442737485554e+148,-7.774135488843986e+222,-1.3182150213192242e+148
-3.852221237351473e+148,-2.7651247445829423e+223,-2.8893621478370504e+148
-8.827979645086582e+148,-9.448798740613876e+223,-7.074152634614183e+148
-1.9191278393976054e+149,-3.3134423607360486e+224,-1.5723310704218356e+149
-4.1640768867639745e+149,-1.1210958979657613e+225,-3.740008733593053e+149
-8.872455977893796e+149,-3.846407520424256e+225,-8.1309625637115895e+149
-1.963981921792822e+150,-1.3530832446496952e+226,-1.9071332187058455e+150
-4.552872332039658e+150,-4.648435468572601e+226,-4.692900240174007e+150
-1.0337970909498139e+151,-1.6065624454707799e+227,-1.1249376632321847e+151
-2.2052159193077172e+151,-5.272513710421249e+227,-2.619177082210452e+151
-5.131983751531328e+151,-1.9383944289885065e+228,-5.951092621980238e+151
-1.1935301844758068e+152,-6.592870551061921e+228,-1.3381813055607222e+152
-2.5872178416637876e+152,-2.1489734245805817e+229,-2.9906606983179688e+152
-5.654980095462377e+152,-7.169545748873772e+229,-6.0848452806805075e+152
-1.3278649907087184e+153,-2.45307642753484e+230,-1.4704105001539673e+153
-2.8805441948046625e+153,-8.592441072433294e+230,-3.26632034937256e+153
-6.5461918414740814e+153,-2.854316448655659e+231,-7.306559297844306e+153
-1.3314260999748677e+154,-9.502256192216327e+231,-1.5978642974198728e+154
-2.9787380215519576e+154,-3.205785448925879e+232,-3.5465974789203097e+154
-6.485763876072723e+154,-1.1400537862967671e+233,-8.976524162194871e+154
-1.3884758658380177e+155,-3.932633594629368e+233,-2.0371543827747904e+155
-3.043234183900398e+155,-1.4125473818138705e+234,-4.41988154078019e+155
-6.797280286402921e+155,-4.582321303236563e+234,-9.453423276802826e+155
-1.4853925029603537e+156,-1.5585651110328527e+235,-1.9813060855147218e+156
-3.2434487288153864e+156,-5.400884193118388e+235,-3.9376659842284055e+156
-7.208587504151747e+156,-1.7616305535108118e+236,-9.355755379101151e+156
-1.6493524910715003e+157,-6.193978060522011e+236,-2.0167107439331312e+157
-3.7548016802019726e+157,-2.1740205109582836e+237,-4.6081962463449384e+157
-8.605309999720791e+157,-7.715480827970011e+237,-1.0893705283153219e+158
-2.0751338416166589e+158,-2.6608858554216774e+238,-2.459726166449166e+158
-4.666215035658135e+158,-9.531642303218704e+238,-5.413220722996917e+158
-1.098648361520488e+159,-3.2364378373660916e+239,-1.1616381398117628e+159
-2.675672151447549e+159,-1.1551523800300487e+240,-2.5038939376294545e+159
-6.8560920014741615e+159,-3.83150596860201e+240,-5.811169758872233e+159
-1.643167177772493e+160,-1.3472987229543907e+241,-1.421294731144505e+160
-3.753478755306118e+160,-4.329440045494439e+241,-3.1127111494408613e+160
-8.924574171433883e+160,-1.546217696408762e+242,-7.091949131211311e+160
-2.0520004789715088e+161,-5.158108759265827e+242,-1.5865426724788172e+161
-4.830461877025251e+161,-1.802120893156927e+243,-3.5640536912666697e+161
-1.1102884043092529e+162,-6.296567399304028e+243,-7.902280545606469e+161
-2.4347214083773506e+162,-2.133935295840983e+244,-1.6207146924989822e+162
-5.407675448232328e+162,-7.247272611647932e+244,-3.3785255882136996e+162
-1.2778367144111557e+163,-2.5272633781346405e+245,-7.265298621091148e+162
-2.7216423881263067e+163,-8.739421553381329e+245,-1.5141709352732146e+163
-6.064179906448112e+163,-2.993908981246231e+246,-3.5838593964384333e+163
-1.3365202865141043e+164,-1.0531396526415787e+247,-8.17683846519463e+163
-2.791367799601057e+164,-3.7705266830764804e+247,-1.9055982600959372e+164
-5.936069869728768e+164,-1.2949777029425157e+248,-4.850623285202263e+164
-1.196506171810528e+165,-4.3015846974447714e+248,-1.2074401474862902e+165
-2.6899244207406604e+165,-1.541771080115613e+249,-2.825736800170166e+165
-6.022943144712335e+165,-5.189541090270752e+249,-7.504211398919798e+165
-1.3836786400788844e+166,-1.8190007861463327e+250,-1.7950407755310542e+166
-3.1692348600468596e+166,-6.474392568909384e+250,-4.3973877225729617e+166
-7.079274096489724e+166,-2.2867972081075347e+251,-1.0169542556630762e+167
-1.5773874334448136e+167,-8.156471335854173e+251,-2.2999590605492714e+167
-3.505585769455404e+167,-2.763684954211319e+252,-5.130080484539243e+167
-8.628829040727177e+167,-9.576707325785371e+252,-1.2609168673330235e+168
-2.2303556134848432e+168,-3.327456986543241e+253,-3.616481917398392e+168
-5.132467674367713e+168,-1.1694675759796286e+254,-8.333347039787521e+168
-1.2541050153128883e+169,-3.995125358775893e+254,-1.9487032186406276e+169
-2.873488469637526e+169,-1.367525594545713e+255,-4.449957179824392e+169
-7.384357885388884e+169,-4.511784673516087e+255,-9.389939377395714e+169
-1.730570281228783e+170,-1.5037954399123543e+256,-2.3182015560417748e+170
-4.435700437210791e+170,-5.207723411147791e+256,-6.708099506707971e+170
-1.0500056393147273e+171,-1.8389146257595169e+257,-1.6450260525944736e+171
-2.3380239827743717e+171,-6.418788435124144e+257,-4.014009341143669e+171
-5.116938137485757e+171,-2.1821034400565052e+258,-9.92121412518989e+171
-1.0184486605564116e+172,-7.424843163383648e+258,-2.340947200862835e+172
-2.168275364876095e+172,-2.4168417342397003e+259,-5.32635719843363e+172
-4.5461314568690716e+172,-8.541103988050149e+259,-1.1237300046894064e+173
-9.453460414806919e+172,-3.0327964746851067e+260,-2.385597610412473e+173
-1.879815768053808e+173,-1.045938132652135e+261,-5.071939823623539e+173
-3.6636689670852873e+173,-3.5654418500381692e+261,-1.2948861423562841e+174
-8.347497546509461e+173,-1.2593986137371792e+262,-3.1764005294867156e+174
-1.7537284421429992e+174,-4.3692042403090696e+262,-7.097593677085416e+174
-3.438308979458353e+174,-1.5069171740104415e+263,-1.5788412411349377e+175
-7.167213236258123e+174,-4.995853122761245e+263,-3.6328780422526894e+175
-1.4439953526063288e+175,-1.6689051363921683e+264,-8.135613847591122e+175
-3.0038573862455636e+175,-5.554424061011414e+264,-1.8790217761230217e+176
-6.26209336338895e+175,-1.9343515327801166e+265,-4.231884988695424e+176
-1.382783654643409e+176,-6.659740217296192e+265,-9.228462811686038e+176
-3.1858948694076315e+176,-2.2670655417702252e+266,-2.102614525779509e+177
-7.56558480584309e+176,-7.695476163990082e+266,-4.5532967162520615e+177
-1.6676592876966964e+177,-2.671068223352326e+267,-9.803848149993904e+177
-3.591275669686434e+177,-9.288931895197852e+267,-2.4015272102674904e+178
-7.870329774398326e+177,-3.21329517567003e+268,-5.8396104379483615e+178
-1.653349951730427e+178,-1.1113917957596499e+269,-1.514417671031867e+179
