pso,hgapso,logapso
475694512.90060294,475972434.4812999,475734623.44956434
473835550.7126931,474778019.70730704,473844155.6810919
470638802.2478315,472951797.25726855,470754949.90878105
466467553.905062,468777805.99294865,466361372.4989977
460870651.7705668,462394077.5824095,460448047.8070773
453188838.6155729,450248876.75623333,452896895.6928457
442970707.94831973,429695342.62890923,442699378.0894211
429270862.1421326,393626794.20497024,430302852.0575989
409177492.5274868,330437850.34980035,412585784.4152775
381292603.2547286,231295793.7822709,389055392.46721977
342180489.89595366,82638952.79003668,357416734.6899594
291792724.16862446,-365671324.8770359,316848342.75981826
218110946.04037228,-2685863976.154952,262742540.37319526
72845469.91930471,-11228907543.354084,170284177.1683724
-307284208.12533545,-43638542017.23198,-31268905.662897967
-1241476348.3240952,-158575681342.73785,-491599773.01038635
-3485660281.0904846,-551692564130.5669,-1675281257.4741557
-9117815378.437685,-1901693400213.9414,-4401288470.953391
-21879910704.12905,-6580693363211.054,-10954262271.663305
-51099143368.469925,-22902240893153.098,-26831107552.47519
-120375075775.40628,-78599293902552.66,-58812351012.84902
-272761601195.59375,-275203074816983.1,-143464739473.64566
-591629611583.7339,-936174585950523.8,-335304303481.69714
-1354990710951.602,-3233006984231359.5,-750757539384.8933
-2995073225380.7915,-1.1358067874582462e+16,-1730961855130.9421
-6599362790067.879,-3.88775756878164e+16,-4000492869049.8413
-14625677558024.615,-1.3535164489891102e+17,-8924761695818.875
-33976335314317.8,-4.679646229795012e+17,-23573112252796.066
-76288029999282.98,-1.6325035524262602e+18,-55233941749111.68
-167825295654088.7,-5.697126997646232e+18,-124491588411480.6
-372880156034049.5,-1.977714239292536e+19,-281727808055496.9
-818098726573039.2,-6.79644503765515e+19,-655277287520569.8
-1755946597401611.8,-2.2543466619794443e+20,-1574767897570532.5
-3723901155045973.0,-7.705134979639396e+20,-3594241796891479.0
-7940519032866773.0,-2.6439529385596006e+21,-8387443928481712.0
-1.750789441656112e+16,-9.325471099926344e+21,-1.878091432120925e+16
-3.949703809172467e+16,-3.276598046204592e+22,-4.531712603495886e+16
-8.421710145110232e+16,-1.1559640767880817e+23,-1.0320483010165229e+17
-1.97276707077502e+17,-3.9780515108928135e+23,-2.3230579215135693e+17
-4.533398158011313e+17,-1.3807426367588831e+24,-5.300747156229953e+17
-1.0415214924047753e+18,-4.5668760097478545e+24,-1.1859121953038413e+18
-2.4421086417223593e+18,-1.5758637688755904e+25,-2.674434097936639e+18
-5.518166818900101e+18,-5.366589372321662e+25,-5.722747830063589e+18
-1.2184474995971146e+19,-1.8479786169278116e+26,-1.2776447346945223e+19
-2.8004882281884774e+19,-6.406920544023394e+26,-2.9651860144348635e+19
-6.262432014702796e+19,-2.2062704761068514e+27,-6.919873037968487e+19
-1.4154671878315472e+20,-7.630954556712653e+27,-1.541213480465726e+20
-3.21842784973997e+20,-2.6045966623680827e+28,-3.753107971104076e+20
-7.898800112037579e+20,-9.142114986789405e+28,-8.636517403380147e+20
-1.9260365939247714e+21,-3.084825201989888e+29,-2.0309857264291556e+21
-4.610661268436506e+21,-1.0796611462104113e+30,-4.80995901187531e+21
-1.1371387394370256e+22,-3.7475299274219646e+30,-1.1103571057498233e+22
-2.5900868871810837e+22,-1.2856766008282435e+31,-2.5018816520768205e+22
-6.197988588296403e+22,-4.427267766264138e+31,-5.780571880854315e+22
-1.463055224766536e+23,-1.564118812533517e+32,-1.2874172688293727e+23
-3.3842612925577155e+23,-5.435339359614353e+32,-2.845127928408411e+23
-7.994994538490289e+23,-1.8415178704413476e+33,-6.324638076310253e+23
-1.887435792588052e+24,-6.440080121132966e+33,-1.4897401033976526e+24
-4.3051532017761256e+24,-2.221585945801129e+34,-3.647537652676175e+24
-9.927772788958408e+24,-7.591594740743581e+34,-8.734934664390444e+24
-2.2902729270472096e+25,-2.58386953956744e+35,-2.06130279271152e+25
-5.302657176729998e+25,-9.005754338087165e+35,-4.957135687266287e+25
-1.1713123733109871e+26,-3.17034677333741e+36,-1.1947029932278536e+26
-2.6690937382829013e+26,-1.0706941320369127e+37,-2.752191004972581e+26
-6.261479716744363e+26,-3.689633993333373e+37,-6.292677539245302e+26
-1.4913202302808425e+27,-1.2718814225468172e+38,-1.4078891281383221e+27
-3.443296599438416e+27,-4.3632472470257814e+38,-3.3646231794459237e+27
-7.745073215276548e+27,-1.4934695309805367e+39,-7.2577932250928e+27
-1.6973514284113116e+28,-5.109504855383536e+39,-1.5665542417805986e+28
-3.727440275597578e+28,-1.7604444133962242e+40,-3.5426786436345525e+28
-8.022431128457265e+28,-6.143432818247781e+40,-7.756309803810887e+28
-1.8371661162927705e+29,-2.166300834330155e+41,-1.749882068755001e+29
-4.2383691669437916e+29,-7.42938741689096e+41,-3.841680183629556e+29
-9.593914268873203e+29,-2.6178110891474772e+42,-8.949789858425059e+29
-2.2894748317992307e+30,-8.92740133423528e+42,-2.0534055583255885e+30
-5.118029407768599e+30,-3.07803190212508e+43,-4.5522116751174346e+30
-1.1551085796769747e+31,-1.0602627996738689e+44,-1.0857083159666657e+31
-2.7052799205870005e+31,-3.5814438396986545e+44,-2.5728594720272155e+31
-6.468500781529536e+31,-1.2269553685185426e+45,-6.016484656058817e+31
-1.5236916123818778e+32,-4.2066480744975664e+45,-1.3201410112770967e+32
-3.437271179760156e+32,-1.4593122439511756e+46,-3.038407521119062e+32
-7.956025181931645e+32,-5.088718080939162e+46,-6.716679427086222e+32
-1.8359018316522186e+33,-1.7162118255899732e+47,-1.5235832069766624e+33
-4.194624365236451e+33,-5.925516068081087e+47,-3.5782232725764163e+33
-9.807364049958881e+33,-2.0739854461022553e+48,-8.184905773223921e+33
-2.2165110116704337e+34,-7.246325227971087e+48,-1.8724241464522525e+34
-5.229470319629429e+34,-2.509890152026748e+49,-4.234784850807869e+34
-1.2344243363636024e+35,-8.432420806637858e+49,-9.502313688789449e+34
-2.8655682324343566e+35,-2.8701345873661574e+50,-2.2083583187537247e+35
-6.65824970118626e+35,-9.87601900640055e+50,-5.278722760890546e+35
-1.5065833781353783e+36,-3.347414576618431e+51,-1.1729473864878938e+36
-3.3528684978946444e+36,-1.14899025841833e+52,-2.6964483094755874e+36
-7.841628485204529e+36,-3.9626411575775383e+52,-6.245247875189409e+36
-1.8178328912815382e+37,-1.3870392490655025e+53,-1.397633522516432e+37
-4.2066653484883156e+37,-4.815778312071434e+53,-3.193792544531711e+37
-9.605154039902314e+37,-1.6099053824009176e+54,-7.217329085298784e+37
-2.1648322108908798e+38,-5.527590725810773e+54,-1.7050925328436408e+38
-4.7326376640572374e+38,-1.8739854046008226e+55,-3.865755353920158e+38
-1.1033964297837044e+39,-6.462415352971929e+55,-8.88840414500209e+38
-2.675507749257159e+39,-2.2199996895657675e+56,-2.0110286187971978e+39
-6.561643991156453e+39,-7.470242054073341e+56,-4.745367595751622e+39
-1.5572487551390638e+40,-2.585288440640704e+57,-1.0386742716939422e+40
-3.8148380978581313e+40,-8.855889400621132e+57,-2.209702052351434e+40
-9.798452692030217e+40,-3.1462891558267735e+58,-5.03058812678938e+40
-2.3874966516792335e+41,-1.0896369802528845e+59,-1.1313805406131211e+41
-5.465864210175395e+41,-3.7010167634175686e+59,-2.4536717545517784e+41
-1.2090806572117757e+42,-1.26824942224539e+60,-5.3168612214192055e+41
-2.6779881090375378e+42,-4.427154356774843e+60,-1.2292188565429415e+42
-6.060614247354882e+42,-1.5285109863775556e+61,-2.7036652713905706e+42
-1.3375316138935812e+43,-5.402634155177036e+61,-6.396568144837795e+42
-3.048785360779521e+43,-1.8634501956090685e+62,-1.5046839866224569e+43
-6.661347347455802e+43,-6.446476493704143e+62,-3.7129363135648107e+43
-1.543015668689191e+44,-2.2868105608383153e+63,-8.655401462493315e+43
-3.4338134812860685e+44,-7.967443580877008e+63,-2.0191063717353733e+44
-8.378692154148777e+44,-2.686104273257954e+64,-4.5776184985342454e+44
-2.1990126593374414e+45,-9.42344015937003e+64,-1.1103794910174707e+45
-5.494886235363535e+45,-3.315767567099589e+65,-2.534694336877939e+45
-1.3069665521618138e+46,-1.1454783565380149e+66,-6.048296440386779e+45
-3.310283878619917e+46,-3.951674442904134e+66,-1.3594643217997398e+46
-7.558202248645856e+46,-1.3506405375257814e+67,-3.189807626786931e+46
-1.8020675598843734e+47,-4.70512411749531e+67,-7.493056033816942e+46
-4.3541458875205076e+47,-1.6720956012612838e+68,-1.7414271934102888e+47
-1.0257568049268941e+48,-5.839111157890977e+68,-4.090151986479742e+47
-2.4324360954724834e+48,-2.0466887079462887e+69,-9.156586939540751e+47
-5.458777525655851e+48,-7.272822091459284e+69,-2.1712565194805505e+48
-1.3271649879692107e+49,-2.5135988984057304e+70,-4.820784555609254e+48
-3.0095591578747014e+49,-8.590859161290726e+70,-1.1054083540990044e+49
-6.957082898550732e+49,-2.8936661869667764e+71,-2.524559747920231e+49
-1.5905538996907493e+50,-9.95609687457535e+71,-6.451556260863413e+49
-3.7387375316352203e+50,-3.5053927078281684e+72,-1.5175310359127962e+50
-8.235620504486018e+50,-1.2268461375411186e+73,-3.537714986350446e+50
-1.9393002852611297e+51,-4.1680183473799055e+73,-8.492856508281453e+50
-4.2824350707366185e+51,-1.3903077121244848e+74,-2.0997042094788378e+51
-1.1279776362245283e+52,-4.805640471381608e+74,-4.697730553375988e+51
-2.7279890860243617e+52,-1.6816378790598344e+75,-1.0432709377540817e+52
-6.611492386031651e+52,-5.8068690228754275e+75,-2.417461516475941e+52
-1.5709245961839747e+53,-2.0043040454136526e+76,-5.584160813725687e+52
-3.96256135316578e+53,-6.95670731969629e+76,-1.3340857698073397e+53
-9.511259772816478e+53,-2.3543045242433064e+77,-3.138804757181199e+53
-2.1064706972026844e+54,-8.184942947851356e+77,-7.480161866430535e+53
-4.76971392043726e+54,-2.7962930318856314e+78,-1.8562347508239914e+54
-1.0757259849338882e+55,-9.36906120296102e+78,-4.4390763432860156e+54
-2.4986497688982765e+55,-3.2412485727839005e+79,-1.0641275806481681e+55
-5.806384375431391e+55,-1.1015429283936407e+80,-2.57398196777853e+55
-1.2911311232427212e+56,-3.787841807358392e+80,-6.477978765639087e+55
-2.893886487855359e+56,-1.3173062551044314e+81,-1.6401521710533837e+56
-6.562948990786532e+56,-4.594274479769837e+81,-4.079451667143883e+56
-1.4041629815589515e+57,-1.539318399088405e+82,-1.0340311516891249e+57
-3.1775750405187906e+57,-5.279949309057383e+82,-2.479348911897848e+57
-7.610288959168003e+57,-1.8115061408284622e+83,-6.38035719882235e+57
-1.9352042092153095e+58,-6.110635720613631e+83,-1.5325535440569602e+58
-4.8360515376039843e+58,-2.066662730629536e+84,-3.7373269541300656e+58
-1.1741102879248971e+59,-7.17248742647548e+84,-9.17110011692323e+58
-2.8612560902137273e+59,-2.4386911270995488e+85,-2.067412185663789e+59
-6.937582763911071e+59,-8.400172788993649e+85,-4.68421470927804e+59
-1.7567178541208485e+60,-2.8849937325290306e+86,-1.0641980987715346e+60
-4.232346593333206e+60,-9.827424581419175e+86,-2.4016290254990117e+60
-1.0233051185485516e+61,-3.39963564854162e+87,-5.479971637309313e+60
-2.421161858054006e+61,-1.1752407910825901e+88,-1.265281476613444e+61
-5.92176416574569e+61,-4.0924174444049005e+88,-2.8548726479162965e+61
-1.456453640587471e+62,-1.3942659402121172e+89,-6.49404047615931e+61
-3.318743253610344e+62,-4.760557073286235e+89,-1.4976592799396902e+62
-7.769734383590657e+62,-1.634660155358934e+90,-3.5015437498661583e+62
-1.7017612750477267e+63,-5.599214021592987e+90,-8.046159619998702e+62
-3.591468128802411e+63,-1.9286213092899124e+91,-1.8411029139749144e+63
-7.356451837439176e+63,-6.707861906088155e+91,-4.239130321529327e+63
-1.6894855146679153e+64,-2.2985435952970761e+92,-9.565556005574185e+63
-3.751608870825775e+64,-8.048692811470258e+92,-2.0853630588980428e+64
-8.227117099577413e+64,-2.7817110048751556e+93,-4.6759637113519775e+64
-1.7948206134553693e+65,-9.736380258323536e+93,-1.1088568991595315e+65
-4.0972266744118157e+65,-3.385578168526019e+94,-2.6939919669065214e+65
-9.083800769269839e+65,-1.1759779963330976e+95,-6.17099956958131e+65
-2.1540316991362018e+66,-4.1475268672994823e+95,-1.4762537172858477e+66
-5.150539893970025e+66,-1.4489037319901848e+96,-3.427286943609991e+66
-1.2005591545671035e+67,-5.106941703521474e+96,-7.273872514212674e+66
-3.095923577160121e+67,-1.7539020764694375e+97,-1.7361652313363627e+67
-7.146524642771671e+67,-6.0799772774261224e+97,-3.8982910757609736e+67
-1.6496268998809837e+68,-2.125677750519536e+98,-8.379170320844787e+67
-4.036180305983893e+68,-7.156637255329148e+98,-2.0008216015746343e+68
-1.0396992148794286e+69,-2.4634049572142796e+99,-4.601910598412802e+68
-2.5028592736650703e+69,-8.528638393898805e+99,-1.0257028332264219e+69
-6.412818255879072e+69,-2.9467404232171337e+100,-2.3336172659724953e+69
-1.6210760750098672e+70,-1.012259236679789e+101,-5.444954979042556e+69
-4.307212741528814e+70,-3.473096325241682e+101,-1.2298892548897703e+70
-1.0981170655304135e+71,-1.1921868642087175e+102,-2.8237484560400246e+70
-2.6763015639507783e+71,-4.068977030749926e+102,-6.324009187190118e+70
-6.405137905366978e+71,-1.3760240677999374e+103,-1.5217090727451618e+71
-1.579402274817593e+72,-4.743270526960486e+103,-3.4121836256631717e+71
-3.998024753297012e+72,-1.6410191410626476e+104,-7.659024714752587e+71
-9.48273420083997e+72,-5.511968156681258e+104,-1.6611754726713119e+72
-2.3693354537235652e+73,-1.829429973662612e+105,-3.62613338859918e+72
-5.745266327256133e+73,-6.284179093344067e+105,-8.35365797282141e+72
-1.3054369619337168e+74,-2.1928738235475464e+106,-1.8335427075947328e+73
-3.151061866476565e+74,-7.525790753315886e+106,-4.047319379934953e+73
-7.096181177841346e+74,-2.606198326530677e+107,-8.958859461318612e+73
-1.6127243109149294e+75,-8.999206768451134e+107,-1.9332833714452134e+74
-3.8956290762708956e+75,-3.1270915774380415e+108,-4.0817039491717167e+74
-9.43219163356126e+75,-1.0663499568588982e+109,-9.070076437183527e+74
-2.3419402862664432e+76,-3.6176567724781083e+109,-1.9975963694617765e+75
-5.4324509614986327e+76,-1.2428325521621981e+110,-4.329196551504045e+75
-1.443898828120168e+77,-4.2510069079936275e+110,-9.538148672032772e+75
-3.4847893432915264e+77,-1.472608539678465e+111,-2.2562663008185954e+76
-8.092607388196646e+77,-5.170950541107603e+111,-5.0776668706059597e+76
-2.3204821691996403e+78,-1.7640877550797601e+112,-1.1376437907554767e+77
-5.731519443276223e+78,-5.987902829455094e+112,-2.572083156581536e+77
-1.2773764625957493e+79,-2.114905869416194e+113,-5.909122632691484e+77
-2.8355554532480632e+79,-7.174182836398575e+113,-1.3334154847053528e+78
-6.309706994530516e+79,-2.473847182752901e+114,-2.9542715702549334e+78
-1.484940300778678e+80,-8.505548733074766e+114,-6.350614685555998e+78
-3.465545995997396e+80,-2.9033029581908487e+115,-1.4230665412812241e+79
-7.846996071944242e+80,-1.0011228102581465e+116,-3.18553241302194e+79
-1.8821009154561715e+81,-3.511020952338666e+116,-7.290100311956306e+79
-4.516373493197535e+81,-1.211361686952959e+117,-1.6647318181305594e+80
-1.1272238388765295e+82,-4.204578492231177e+117,-3.8439496605718684e+80
-2.621689946067532e+82,-1.459868999728203e+118,-9.429798415572864e+80
-5.8111863936998793e+82,-4.909097749126667e+118,-2.1635465374186933e+81
-1.2748911256739035e+83,-1.662455577415094e+119,-5.298939210774186e+81
-2.7185709445690173e+83,-5.748650174334453e+119,-1.2769604718822134e+82
-6.710026165662024e+83,-1.9877770858152636e+120,-2.9426257445803578e+82
-1.536422819302286e+84,-6.788475446657986e+120,-6.865621793198565e+82
-3.4840283068237017e+84,-2.325809353856831e+121,-1.5954420426422001e+83
-8.072631279073369e+84,-8.1305621417124625e+121,-3.69995285026644e+83
-1.77863425944212e+85,-2.8423621375486243e+122,-9.078767022942657e+83
-4.133859234531848e+85,-9.948892256142061e+122,-2.274944391437247e+84
-9.88104798588419e+85,-3.3821945962286043e+123,-5.537276078951719e+84
-2.2978627815983345e+86,-1.181700569631302e+124,-1.3105029070136645e+85
-5.478694120766349e+86,-4.0397389847004365e+124,-3.1130065010098816e+85
-1.3535261060950704e+87,-1.38842651921009e+125,-7.640343004359284e+85
-3.333019091706526e+87,-4.777704633617457e+125,-1.8128706909604228e+86
-7.3525454903718e+87,-1.6258392006914654e+126,-4.139760566499714e+86
-1.7810599307488487e+88,-5.562214084307702e+126,-9.539047258554139e+86
-4.025885313285565e+88,-1.8984323332765623e+127,-2.169599334437804e+87
-9.295355783445593e+88,-6.53395781881474e+127,-4.773172042081846e+87
-2.0216446948593387e+89,-2.2227652122740946e+128,-1.0930058929182545e+88
-5.433365283234073e+89,-7.735258527773738e+128,-2.502955490071515e+88
-1.3383247431608277e+90,-2.6967151858639758e+129,-6.151377352705518e+88
-2.967267856412074e+90,-9.339833225271468e+129,-1.384128714851108e+89
-6.956307516172529e+90,-3.2074954839160673e+130,-3.4563388456079223e+89
-1.671211596626797e+91,-1.1115598201827726e+131,-8.646625330586185e+89
-4.379867555083469e+91,-3.841646736509212e+131,-2.0689876540649477e+90
-1.0179138860671025e+92,-1.3036042116444729e+132,-4.957379771642963e+90
-2.3316875903750705e+92,-4.4622387165064824e+132,-1.1345525743327638e+91
-5.762952241051422e+92,-1.4970162672937158e+133,-2.6895768746898928e+91
-1.3289753141270087e+93,-5.122495216928147e+133,-6.50207913673884e+91
-2.9171998570740437e+93,-1.7457323383402626e+134,-1.5476169417843395e+92
-7.144773629745832e+93,-5.966024630546439e+134,-3.896045415657093e+92
-1.6643187379842331e+94,-2.0905753737557983e+135,-8.846175599352833e+92
-3.719783718142644e+94,-7.202427782811741e+135,-2.117764843714597e+93
-8.45589093749513e+94,-2.5410706713562957e+136,-4.755215436830095e+93
-2.0521246265949628e+95,-8.761683151431233e+136,-1.1685150787523202e+94
-4.644234409531163e+95,-3.041785612458366e+137,-2.767495518642844e+94
-1.1069362134969268e+96,-1.0393413670400081e+138,-6.960140807566669e+94
-2.5364871660280336e+96,-3.614686485012844e+138,-1.7281679422113606e+95
-5.815268162356339e+96,-1.2055159864686362e+139,-4.059086506777778e+95
-1.2365451274225834e+97,-4.1331676472940275e+139,-9.617370194581222e+95
-2.571769757055683e+97,-1.3965298816199704e+140,-2.4429969857084244e+96
-5.819359022599303e+97,-4.917679278528688e+140,-5.961365186068516e+96
-1.2285383171279473e+98,-1.61313068966078e+141,-1.3630395089934006e+97
-2.6903984664421352e+98,-5.453674404430164e+141,-3.239415466224529e+97
-5.513465612513736e+98,-1.8630161470425272e+142,-7.686011095516685e+97
-1.3863879647167397e+99,-6.36653974531057e+142,-1.8718344147912296e+98
-3.0386926762954616e+99,-2.127989456438704e+143,-4.2851326353965864e+98
-6.883365121901378e+99,-7.269258220082697e+143,-1.0494786887283422e+99
-1.4785925706852744e+100,-2.460007836272018e+144,-2.468718326044943e+99
-3.4402511241319917e+100,-8.269795679379588e+144,-5.813826578336008e+99
-7.521770086760561e+100,-2.7799100770894594e+145,-1.3666162103831354e+100
-1.6478672931679806e+101,-9.322802408651191e+145,-3.0093562183215898e+100
-3.584475568326559e+101,-3.2300717235397394e+146,-6.9072304868347054e+100
-7.917206592676254e+101,-1.1413978273139673e+147,-1.5531120501423495e+101
-1.5884497625332346e+102,-3.905036867794477e+147,-3.4201641582827916e+101
-3.3887406077784944e+102,-1.2855922120423915e+148,-7.474953380157733e+101
-7.007093311095464e+102,-4.420211170826814e+148,-1.5679178039750326e+102
-1.5907892548161547e+103,-1.5359121293377487e+149,-3.8559537150876457e+102
-3.3739244035657356e+103,-5.152826499990625e+149,-9.417597385848232e+102
-7.25728751062581e+103,-1.8048774871582217e+150,-2.197029069016531e+103
-1.6086890164509854e+104,-6.1058260780909735e+150,-5.459602931187045e+103
-3.3016119442379376e+104,-2.0907451107233984e+151,-1.2808638346105744e+104
-6.881654616039698e+104,-7.16055478485641e+151,-2.93352083147298e+104
-1.4062708057710508e+105,-2.453282297541114e+152,-6.942475109199833e+104
-3.247976673515683e+105,-8.43075001188417e+152,-1.6272673813003712e+105
-7.232622380534418e+105,-2.8736500689383044e+153,-4.08514256296141e+105
-1.5800754500367205e+106,-9.889153099769655e+153,-9.4112024068849e+105
-3.6097504135994554e+106,-3.4194389943256824e+154,-2.1585541681576464e+106
-7.91145755318901e+106,-1.1850428893221275e+155,-5.236628487293812e+106
-1.7630010340389405e+107,-4.0376073825079963e+155,-1.2093765302597174e+107
-3.7383651357860724e+107,-1.342167854133519e+156,-2.9157929776200274e+107
-8.288482939161767e+107,-4.631143453052208e+156,-7.10900745868383e+107
-1.8198686521748164e+108,-1.5911948620174852e+157,-1.6456420509147744e+108
-4.1184532940867917e+108,-5.362708627491444e+157,-4.049968170199712e+108
-9.315449180719928e+108,-1.8146951279189255e+158,-9.515376947380674e+108
-2.104235121997096e+109,-6.138048857666367e+158,-2.300987036146615e+109
-4.518947028004041e+109,-2.048775047616628e+159,-5.426922228194715e+109
-1.0030834791505689e+110,-6.894303740517676e+159,-1.2710081343649544e+110
-2.4994591677104508e+110,-2.4020378994743112e+160,-3.0897359670593484e+110
-5.735773136913e+110,-8.258130967535367e+160,-7.14507519323441e+110
-1.4141071223868733e+111,-2.863824826737311e+161,-1.635332169071457e+111
-3.2443726277887797e+111,-9.747395540062306e+161,-3.5300448512787555e+111
-7.495610741864968e+111,-3.2975745864420205e+162,-7.950740068352998e+111
-1.7244832441845446e+112,-1.1337072836226778e+163,-1.7459465049663022e+112
-3.927218889039842e+112,-3.9254753892714214e+163,-4.2233775783444284e+112
-9.625112065049462e+112,-1.3573535050898744e+164,-9.82567372208118e+112
-2.2718873013755763e+113,-4.648342226680632e+164,-2.2822452631210175e+113
-5.2501804696965095e+113,-1.604517688388427e+165,-5.281402924408497e+113
-1.1943718502761164e+114,-5.492285521974954e+165,-1.1799487347135453e+114
-2.801704247478863e+114,-1.9286436929471037e+166,-2.5697076873050766e+114
-6.44948028051291e+114,-6.504947334693125e+166,-5.964190748223961e+114
-1.496797891359771e+115,-2.2526882245604658e+167,-1.41022417554816e+115
-3.3732786328813323e+115,-7.764140276917678e+167,-3.19854998050323e+115
-8.920025504881737e+115,-2.7077960591710692e+168,-7.050011667385624e+115
-2.039385149029981e+116,-9.434452857937929e+168,-1.6132822869359338e+116
-5.3148454838402935e+116,-3.284239955441944e+169,-3.540712966772076e+116
-1.3383746108612387e+117,-1.1495983602521775e+170,-7.824279406210932e+116
-3.1433577701322373e+117,-3.954499466900785e+170,-1.689466936745579e+117
-7.679894282458562e+117,-1.4000691546892027e+171,-3.9818980560427457e+117
-1.8395326420316365e+118,-4.7940367974236035e+171,-9.430639606814737e+117
-4.209260085772878e+118,-1.6174952932562528e+172,-2.0652586756389023e+118
-9.505430735838515e+118,-5.6423238415703326e+172,-4.690809974864337e+118
-2.0489459889406725e+119,-1.965878642783841e+173,-1.0427822500524607e+119
-4.374150181169719e+119,-6.538285795095509e+173,-2.449210625342758e+119
-9.76848574026058e+119,-2.280576673995028e+174,-5.592802091513577e+119
-2.2622150870142522e+120,-8.00760817239003e+174,-1.3034929895001377e+120
-5.198815792371379e+120,-2.787499215536911e+175,-2.988331915379405e+120
-1.1713093908458436e+121,-9.685274936013331e+175,-6.857799328828587e+120
-2.6031919890566452e+121,-3.4218365336896905e+176,-1.6472670677948766e+121
-5.748085598740043e+121,-1.162506765629973e+177,-3.633926173535822e+121
-1.2466595360182957e+122,-4.0328696726698902e+177,-8.835673029139357e+121
-2.7910755355216646e+122,-1.3856932819041818e+178,-2.0813456401279025e+122
-6.700741822830902e+122,-4.766016523497426e+178,-5.062913350427015e+122
-1.4739904244792333e+123,-1.6377290602148307e+179,-1.218589272810024e+123
-3.339098343791479e+123,-5.756033008101156e+179,-3.016738793922987e+123
-7.326326067225842e+123,-2.0217137718925863e+180,-6.843051074974905e+123
-1.7986311406363015e+124,-7.096971046727505e+180,-1.6042649182230312e+124
-4.2065658409381563e+124,-2.3936321070908572e+181,-3.7901877978586025e+124
-9.858972196290645e+124,-8.207484301901743e+181,-8.334051094744589e+124
-2.1707456150298518e+125,-2.875257651426086e+182,-1.823468694306376e+125
-5.56388989733322e+125,-9.683191543311472e+182,-4.258272240729327e+125
-1.3037520876438723e+126,-3.377159556089541e+183,-9.398593126105754e+125
-3.0409820797802154e+126,-1.1711690241062662e+184,-2.3049999895397108e+126
-7.352480689320587e+126,-4.1314951306756244e+184,-5.594842862595444e+126
-1.6553068050781408e+127,-1.4330956526910975e+185,-1.2872075346497189e+127
-3.5918133548629e+127,-4.979820979573243e+185,-3.183901077064455e+127
-7.538624194537067e+127,-1.7514337096194634e+186,-7.473283194522276e+127
-1.5069709332817187e+128,-6.058635571111484e+186,-1.6865488444237278e+128
-3.750474510975948e+128,-2.0592033465853382e+187,-4.176294028550834e+128
-8.48724061813e+128,-7.043246458710538e+187,-1.0269017981893262e+129
-1.8498960395396196e+129,-2.38044211978451e+188,-2.366077357288335e+129
-4.2534419053488235e+129,-7.979323326717991e+188,-5.725014695765682e+129
-9.943584720759908e+129,-2.790041728070464e+189,-1.2866058269966724e+130
-2.2455807958294536e+130,-9.32543681226511e+189,-2.8745403061629466e+130
-5.554247342773355e+130,-3.1523579122284468e+190,-6.818574526985595e+130
-1.4037379988385075e+131,-1.0707742960510089e+191,-1.5723737706173772e+131
-3.2031422504660045e+131,-3.746107832607027e+191,-3.5604180074827825e+131
-7.824629432995162e+131,-1.2584594945566737e+192,-8.786619087019617e+131
-1.7819611974361906e+132,-4.321921151238935e+192,-1.956850110569447e+132
-4.102391292510502e+132,-1.486597822003234e+193,-4.704119297991897e+132
-9.718271300312327e+132,-5.247950037528732e+193,-1.165609755553024e+133
-2.4419666819078533e+133,-1.8280051912676442e+194,-2.676141796794513e+133
-5.587639932342146e+133,-6.295538227436783e+194,-6.212649541077297e+133
-1.2361152854637178e+134,-2.0830418023078179e+195,-1.5612852652330887e+134
-2.7124123978955558e+134,-7.289744359378908e+195,-3.713166849564214e+134
-5.967796892791038e+134,-2.500080319243322e+196,-8.906661305278808e+134
-1.2101231118375496e+135,-8.818511754731411e+196,-2.171124188063067e+135
-2.6906621860353342e+135,-3.0319074539364453e+197,-4.9340611438392916e+135
-5.7579320497003504e+135,-1.0191281479543352e+198,-1.1376291278107086e+136
-1.3601765857587723e+136,-3.5419227478762366e+198,-2.523014926283832e+136
-3.2381086015304703e+136,-1.234787196142429e+199,-5.866800984916381e+136
-7.163244416755965e+136,-4.214435420091037e+199,-1.3538165416278651e+137
-1.6284179996411405e+137,-1.4547662887093707e+200,-3.165389328532296e+137
-3.6383504419661696e+137,-5.0226655475781084e+200,-7.2992151575520605e+137
-8.521912225478306e+137,-1.739903699974715e+201,-1.7228165032292456e+138
-1.9460389252583082e+138,-6.095742983558127e+201,-3.974975365035071e+138
-4.347083646892661e+138,-2.129790515721498e+202,-9.107833716184667e+138
-9.96935569628119e+138,-7.313135804854611e+202,-2.0156285288524512e+139
-2.246471510698543e+139,-2.603693399769245e+203,-4.813038712960568e+139
-5.095820395343199e+139,-9.07196278133698e+203,-1.0720452736973823e+140
-1.1068211981528471e+140,-3.1460001947322736e+204,-2.2711651399988307e+140
-2.442091812179151e+140,-1.106086537792474e+205,-5.277909428433858e+140
-6.134764792503098e+140,-3.9315071087616573e+205,-1.1740277374199178e+141
-1.3398709931534208e+141,-1.3805569502449981e+206,-2.5583618085423352e+141
-3.0144434783986193e+141,-4.915594808722105e+206,-5.981326536090685e+141
-6.459196192868225e+141,-1.703438394470532e+207,-1.391714368611018e+142
-1.3720989878603244e+142,-5.883431413731229e+207,-3.160438285850524e+142
-3.11216579458628e+142,-1.92932085586102e+208,-7.499369446315608e+142
-7.361950405325185e+142,-6.493580310632686e+208,-1.726273225876402e+143
-1.5431874119040092e+143,-2.266742144840005e+209,-3.8431235863165635e+143
-3.4315951846791152e+143,-7.752915754218052e+209,-8.509064220352188e+143
-8.034631381845216e+143,-2.649418714111133e+210,-1.937269972088546e+144
-1.8379343018451e+144,-8.958503667749646e+210,-4.40228114830909e+144
-4.426629391668093e+144,-3.1220828526171297e+211,-9.997129491816117e+144
-1.0745419933145485e+145,-1.0745350168309617e+212,-2.406018802056756e+145
-2.403170731640274e+145,-3.747609361135814e+212,-5.508678685928613e+145
-6.117325134357199e+145,-1.2610694204901261e+213,-1.3036641155943255e+146
-1.3939154496287717e+146,-4.28086872073565e+213,-3.082541493113453e+146
-3.3994079696174766e+146,-1.5080276334593043e+214,-7.161475276929659e+146
-8.263912245898395e+146,-5.2779609958081255e+214,-1.6331514051599812e+147
-2.21486753362384e+147,-1.821296324411666e+215,-3.7154325589146196e+147
-5.248906871721985e+147,-6.383287739043628e+215,-8.720314952854021e+147
-1.2023645758259357e+148,-2.238235806061602e+216,-2.052633527623322e+148
-3.1069427284847005e+148,-7.492157895459046e+216,-4.712017271694642e+148
-7.243290436258782e+148,-2.584702248321372e+217,-1.108495120860272e+149
-1.8725899474680808e+149,-8.852288876840718e+217,-2.585365787246393e+149
-4.537262787716918e+149,-2.9943497230082478e+218,-6.115866930443132e+149
-1.151187164162251e+150,-1.051486437827084e+219,-1.372556437282534e+150
-2.8915550904298044e+150,-3.5921163622522187e+219,-3.0496197289248218e+150
-6.715929730599458e+150,-1.2239908780808647e+220,-6.679223718831775e+150
-1.5421040360931877e+151,-4.0143927345807235e+220,-1.483582369935597e+151
-3.382225654184619e+151,-1.416703848588338e+221,-3.378929746034727e+151
-8.051171857387489e+151,-4.959353658604901e+221,-7.248690149340913e+151
-1.739705194177829e+152,-1.7500143373351084e+222,-1.548341011026398e+152
-4.454787268816496e+152,-5.938088956724371e+222,-3.101801733463002e+152
-1.1135531205398416e+153,-2.0503824757515204e+223,-6.998088432617628e+152
-2.664988751520431e+153,-7.314998011059336e+223,-1.5804117113418394e+153
-6.150658712678887e+153,-2.5034834769968173e+224,-3.49354552180356e+153
-1.4280549767298726e+154,-8.412354319213008e+224,-7.926183094459435e+153
-3.3961188581511724e+154,-2.939500534841562e+225,-1.8026754663316352e+154
-7.59439001295689e+154,-1.026311392895184e+226,-4.0960018590399306e+154
-1.6336586073872738e+155,-3.554851538327018e+226,-9.489755684447414e+154
-3.7325208522866103e+155,-1.2157045775175532e+227,-2.1370393174609146e+155
-8.607424549667457e+155,-4.204342267649889e+227,-4.947696393578806e+155
-1.867510784530802e+156,-1.454833367660952e+228,-1.159770525734032e+156
-4.193680365407417e+156,-5.0310175688765434e+228,-2.6646892722526348e+156
-1.1004254716786512e+157,-1.7002407987833174e+229,-6.17618922439775e+156
-2.5849684287385732e+157,-6.001512280064142e+229,-1.4373165877292738e+157
-5.955590496118886e+157,-2.028121133378361e+230,-3.5900718683845264e+157
-1.3405503435156616e+158,-7.153373486004938e+230,-8.539408027002065e+157
-2.998424436881597e+158,-2.5223628721772495e+231,-2.0104868336191835e+158
-6.583200350191882e+158,-8.751582547334503e+231,-4.451933178502779e+158
-1.4714783146864727e+159,-3.006693564723165e+232,-1.0339422394965222e+159
-3.1879614661143586e+159,-1.0387533704103963e+233,-2.2364056744474776e+159
-7.013406772317038e+159,-3.689104789925875e+233,-5.0963938763486286e+159
-1.5704063402451162e+160,-1.2710114754813279e+234,-1.157146110530077e+160
-3.510666043813945e+160,-4.325947164231473e+234,-2.72070969352218e+160
-7.581128226118445e+160,-1.4910417793572765e+235,-6.162825501733158e+160
-1.6397949527320433e+161,-4.9612631246227466e+235,-1.4471363441730457e+161
-3.4629158719666583e+161,-1.6280040961418689e+236,-3.262450417233303e+161
-7.678254468848555e+161,-5.6029484394899975e+236,-7.254461129059374e+161
-1.695570648663837e+162,-1.9186156596521802e+237,-1.5849148734857288e+162
-3.789257490279367e+162,-6.483648428717206e+237,-3.5394368820723283e+162
-8.243178744816808e+162,-2.2522897988279907e+238,-7.495851453871055e+162
-1.9515982028539202e+163,-7.718340909353745e+238,-1.5948913119210576e+163
-4.723997419823567e+163,-2.6497591691920573e+239,-3.507605216615941e+163
-1.0818421019473186e+164,-9.297993874558318e+239,-7.973594020057284e+163
-2.4899210893151453e+164,-3.1699002901028014e+240,-1.9238101094159859e+164
-5.735528078918516e+164,-1.0862983688754296e+241,-4.4135821685319794e+164
-1.4644007344484257e+165,-3.7292745967306207e+241,-1.0547850806644483e+165
-3.4620637615765154e+165,-1.3078090804720624e+242,-2.498576430678935e+165
-8.606084830081112e+165,-4.658544686291685e+242,-5.415924760580834e+165
-2.2047016834719387e+166,-1.6103302269458056e+243,-1.182563405049031e+166
-5.3649965389061175e+166,-5.674597571330741e+243,-2.5667865593375e+166
-1.2485510467126725e+167,-1.9556270611092654e+244,-6.005350068000816e+166
-3.292807729456399e+167,-6.854837424276234e+244,-1.3363449352496608e+167
-7.756912897524585e+167,-2.3186852060839e+245,-3.0578936347261714e+167
-1.83365967205098e+168,-7.966796856362943e+245,-6.455495071111992e+167
-4.880336423676109e+168,-2.805847763597742e+246,-1.5005190910341807e+168
-1.1768211188972455e+169,-9.86429778545927e+246,-3.354026931778142e+168
-2.9371768122254624e+169,-3.326937540445607e+247,-7.804668920368924e+168
-6.912687993972287e+169,-1.1652221090696976e+248,-1.811323349004605e+169
-1.6004114277750383e+170,-4.056224071139915e+248,-4.156295145330222e+169
-3.811182362131977e+170,-1.3655382311598514e+249,-1.0183059101320023e+170
-8.695019209825369e+170,-4.764651446211735e+249,-2.3828748484649727e+170
-1.9836845031834832e+171,-1.5969955957151843e+250,-5.651317794412114e+170
-4.722712823190402e+171,-5.280439640732309e+250,-1.3129257815514367e+171
-1.0333453350034903e+172,-1.803294893565009e+251,-2.9404087136043917e+171
-2.3097311613737666e+172,-6.272271370709317e+251,-6.718362112792792e+171
-5.01896171937214e+172,-2.0892198415645584e+252,-1.6488306036897437e+172
-1.0592391040446233e+173,-7.338535676529735e+252,-3.8664581764750424e+172
-2.2228923074081014e+173,-2.4966255443302453e+253,-8.992027160921746e+172
-5.747938727739838e+173,-8.52791035931533e+253,-2.2301675717375556e+173
-1.3054767178590772e+174,-2.873827065190449e+254,-5.193189831535064e+173
-3.2483782814214548e+174,-9.755412731636632e+254,-1.1714671927731283e+174
-7.859069309002925e+174,-3.4313241952287337e+255,-2.612072889325488e+174
-1.7931084312989198e+175,-1.2019016773395745e+256,-6.401412869199955e+174
-4.6881083765632306e+175,-4.127117961917909e+256,-1.5438866291569775e+175
-1.1116705697248423e+176,-1.4395008128895384e+257,-3.6674005938532475e+175
-2.710112010225289e+176,-5.091183863415153e+257,-9.045163494079807e+175
-6.121679589093604e+176,-1.7381514914185334e+258,-2.0451715463840427e+176
-1.4285154512957658e+177,-6.016150504232328e+258,-4.7467817064070324e+176
-3.2522664097816217e+177,-2.1047814210016506e+259,-1.0565005335035885e+177
-7.388141997705238e+177,-7.205945332940295e+259,-2.6558855718504526e+177
-1.8148968052261567e+178,-2.415158413153219e+260,-6.23057152988208e+177
-4.200900969249302e+178,-8.249581088459149e+260,-1.4153522897943648e+178
-9.960201284142311e+178,-2.9137305518316834e+261,-3.3885841227443455e+178
-2.3506655610800758e+179,-1.0313225094057709e+262,-7.793495310906029e+178
-5.547279819420984e+179,-3.517874857523674e+262,-1.74140921859279e+179
-1.399433244206513e+180,-1.1859463543440556e+263,-4.126146927667656e+179
-3.187292950423888e+180,-4.2205277605822553e+263,-9.688149384384919e+179
-7.649921329658314e+180,-1.4737712302171296e+264,-2.300911094625339e+180
-1.9890659967632573e+181,-5.121199980244808e+264,-4.961840189905237e+180
-4.856333494533514e+181,-1.7713364837126555e+265,-1.1602062361730482e+181
-1.0959854796504091e+182,-6.352893805834656e+265,-2.613291531038733e+181
-2.4835754061577277e+182,-2.2312199830364474e+266,-5.6374421398890634e+181
-6.31317023760581e+182,-7.924438189856141e+266,-1.2705555997534915e+182
-1.377187363565423e+183,-2.649567785673316e+267,-2.937613869755511e+182
-3.1054236887633367e+183,-9.183318390436243e+267,-6.639090359021957e+182
-7.824528385117709e+183,-3.2224306328268034e+268,-1.5093301900816954e+183
-1.771868279494535e+184,-1.1042434307089076e+269,-3.718057862565136e+183
-4.125273544299077e+184,-3.792236491732153e+269,-8.822381143213302e+183
-1.0489718619001826e+185,-1.3012663338315684e+270,-2.020686844283197e+184
-2.4122394849661493e+185,-4.576150518233423e+270,-4.913248488960174e+184
-5.0568645303510636e+185,-1.5944864863483438e+271,-1.1174160726936039e+185
