pso,hgapso,logapso
1287.8939994747795,1947.4461351663108,1258.3913325535752
-1928.8858005448983,-877.6490716068693,-2125.533768784262
-5582.767955932861,-4632.344893440413,-4797.707604794295
-9984.357168998322,-9697.48018511793,-8400.989219040737
-22206.578523161435,-22926.514674142883,-23360.99292026572
-48699.552608759805,-65213.45912749901,-57335.11489680959
-110496.3749850927,-204498.70975027166,-135811.44381924352
-252665.85861911788,-729683.0214202718,-345144.3680236755
-531791.5137975898,-2503590.542652464,-767159.3840958783
-1115395.1583792972,-9108957.22304976,-1666846.4180201849
-2467398.9143345654,-29480636.849489987,-3682412.6795388823
-5210051.433338024,-96495181.08697465,-7788991.415649313
-11259913.858724575,-315954652.23033494,-16522983.905685896
-23051116.402174287,-990745862.6022384,-36065497.77551423
-49220412.28730009,-3629496706.3415194,-80591623.56849614
-106533114.99456878,-11800132310.958878,-181443509.81006616
-223741785.6612351,-39077621168.9223,-400659698.37577254
-475083457.3408624,-129861987784.95952,-934974827.6209128
-1010918687.6362374,-436896602069.0692,-2231253780.035033
-2198802606.5721846,-1474011916525.4285,-5179109734.848428
-4771491130.404531,-4922475696958.143,-11794175163.955349
-9887087581.999151,-17191227954266.375,-28091359514.133564
-22759946062.730667,-58625249737878.77,-63770362061.74341
-52376769920.28165,-203237910667285.5,-157427757366.7858
-114620497542.99222,-696636425035289.2,-374068858067.941
-265147153396.00986,-2333623738283017.0,-920631530142.075
-630654386176.0865,-8116368701431477.0,-2128724250649.7786
-1426197725648.5747,-2.705710345445081e+16,-4943656986592.098
-3263636755234.447,-9.342756214756958e+16,-11440697616737.953
-7815148571906.164,-3.1132095102391206e+17,-28074029026511.27
-17993147591575.26,-1.0579033813406655e+18,-64939930210411.6
-41701204753572.15,-3.6220301977544033e+18,-156326322765282.06
-91597461610492.62,-1.2487724810453643e+19,-353066624731463.0
-215450823820936.25,-4.299183316859116e+19,-759739809727966.8
-499871712717328.6,-1.4779723220721867e+20,-1697526619391600.5
-1129180676502866.5,-5.329032933160456e+20,-3648587238572313.5
-2591212781746963.0,-1.835669927483102e+21,-8144720525501794.0
-5991442532549813.0,-6.23667746718162e+21,-1.836193855798893e+16
-1.5176555673309376e+16,-2.139529423936541e+22,-4.056040668598068e+16
-3.638377370609234e+16,-7.386732280586619e+22,-8.849252537220421e+16
-8.46219067056984e+16,-2.595707501945847e+23,-1.9202406695929725e+17
-1.993165712383332e+17,-8.43499585868392e+23,-4.272724371137271e+17
-4.560724819974697e+17,-2.869947505637712e+24,-8.956699638612892e+17
-1.0690134671658758e+18,-9.934550962830388e+24,-1.9584234700179284e+18
-2.45051277832388e+18,-3.3945739145243086e+25,-4.4233883435750564e+18
-5.309844284509483e+18,-1.1808898947189758e+26,-9.176663812221927e+18
-1.1654836949018399e+19,-3.912717280590865e+26,-2.117245629559332e+19
-2.563347413373871e+19,-1.327192861387941e+27,-4.999978704642813e+19
-6.097664050291306e+19,-4.665152965503324e+27,-1.1184512074230678e+20
-1.3264421338248516e+20,-1.574296126124211e+28,-2.383626188753523e+20
-3.112837273890006e+20,-5.348797075081515e+28,-5.912830520064842e+20
-7.863095331891742e+20,-1.8174529571967268e+29,-1.3882172855533306e+21
-1.8611221198149808e+21,-6.233775169500283e+29,-3.546558720019359e+21
-4.337194674640321e+21,-2.1832178088353838e+30,-8.371869719233242e+21
-1.0460745698283568e+22,-7.55176282421305e+30,-1.9759704660284675e+22
-2.438099503055773e+22,-2.5379678700861605e+31,-4.5650745266300174e+22
-5.71530388958077e+22,-8.597932380038372e+31,-1.0492105126966837e+23
-1.3768256651555199e+23,-2.929845490562252e+32,-2.4564976424025446e+23
-3.135861176189918e+23,-1.0239240641083644e+33,-5.552728730944289e+23
-7.429375803073578e+23,-3.5222892652906953e+33,-1.2708805880131813e+24
-1.6707576233712994e+24,-1.233672050257352e+34,-2.996857699616431e+24
-3.99752262749851e+24,-4.254480483578135e+34,-6.650743808706738e+24
-9.79190986654098e+24,-1.4334375480805173e+35,-1.4648246159893175e+25
-2.4263514577026164e+25,-4.947832899280008e+35,-3.4095627864681894e+25
-5.60218178637646e+25,-1.662755253519481e+36,-7.9026897124739e+25
-1.3355589720154753e+26,-5.72241466572361e+36,-1.907179427934254e+26
-3.180518566987625e+26,-1.986934699424271e+37,-4.701073555201623e+26
-7.141374324770115e+26,-6.828872180395404e+37,-1.201098870621321e+27
-1.7347381928351014e+27,-2.33074821581678e+38,-2.779006931844039e+27
-4.0151906688901393e+27,-8.159846251409587e+38,-6.42141275500211e+27
-9.453931235743291e+27,-2.863681913886782e+39,-1.4433606887596841e+28
-2.185583391321377e+28,-9.811938770404084e+39,-3.317116278740101e+28
-5.271824386510713e+28,-3.2673773599783157e+40,-7.633055706531135e+28
-1.1657563279064929e+29,-1.1252414088865036e+41,-1.9195832452177062e+29
-2.6036063205341785e+29,-3.779564599063852e+41,-4.430989992427904e+29
-5.9041510447204076e+29,-1.2594509122524598e+42,-9.820033006354773e+29
-1.4069445414309792e+30,-4.31341479410573e+42,-2.2412076795478778e+30
-3.145656322707059e+30,-1.4948742310108433e+43,-4.830260818515169e+30
-6.999948271514119e+30,-4.987202222197916e+43,-1.0438431944929047e+31
-1.739661917389153e+31,-1.7118636499873954e+44,-2.4191147025556044e+31
-4.194190268686692e+31,-6.0020171756307956e+44,-5.357821908451975e+31
-9.451028229215335e+31,-2.0621574516128703e+45,-1.1528833232753129e+32
-2.2129032246148016e+32,-7.32159229111362e+45,-2.4659215423539138e+32
-5.001862760078973e+32,-2.471613960889553e+46,-5.328008382507521e+32
-1.1344740188974385e+33,-8.557507831788679e+46,-1.1242484548156685e+33
-2.6030638564593943e+33,-2.978152973398246e+47,-2.4877822725157335e+33
-5.675443788834032e+33,-1.0269572313431542e+48,-5.795498364551384e+33
-1.292266722103255e+34,-3.650257569764328e+48,-1.3193480709999937e+34
-2.6843579773403814e+34,-1.2704878323546623e+49,-3.100809238258459e+34
-5.8022145109526225e+34,-4.146216893987826e+49,-7.034850427253121e+34
-1.3231414528999276e+35,-1.4326789021784648e+50,-1.6464494090406127e+35
-2.9187781875570925e+35,-5.1083257668409e+50,-4.2505994493926875e+35
-6.571009810538257e+35,-1.7472124774947962e+51,-1.0323988975260162e+36
-1.4050842919896268e+36,-6.047806807969449e+51,-2.4603569663043318e+36
-3.276316399173057e+36,-2.0427556317905498e+52,-5.93864516312056e+36
-7.186765910564698e+36,-7.198031012620947e+52,-1.4801700453270917e+37
-1.6857801069734013e+37,-2.4643372959442814e+53,-3.4690260271004607e+37
-3.8638467890315275e+37,-8.535306851572937e+53,-8.443042602037618e+37
-9.026913907362508e+37,-2.929414355870598e+54,-2.1723658649660356e+38
-2.0780026912602713e+38,-1.0101391585846563e+55,-5.243592244824788e+38
-4.443496653708241e+38,-3.365326407961369e+55,-1.2055959220062229e+39
-9.828922158151401e+38,-1.1556643663470102e+56,-2.728747646948672e+39
-2.1714858620674556e+39,-3.927538194849325e+56,-5.957119915054682e+39
-5.045266656984133e+39,-1.3802068390654442e+57,-1.3822591126598166e+40
-1.1464822837807496e+40,-4.744790897626239e+57,-3.081536607102193e+40
-2.7431706529892627e+40,-1.6304881537132445e+58,-6.760290535752415e+40
-6.710126858220719e+40,-5.648050172200821e+58,-1.6090381248411765e+41
-1.5844074416319914e+41,-1.9610060755392248e+59,-3.8714810218851704e+41
-3.96583982442199e+41,-6.583682457280541e+59,-8.950853854634885e+41
-9.408895847544313e+41,-2.3039592282955273e+60,-1.9625455220611173e+42
-2.2315140617517723e+42,-7.876963049256417e+60,-4.665801772957209e+42
-5.5410507093754094e+42,-2.6894345039211993e+61,-1.0737221648033358e+43
-1.3407838746231611e+43,-8.960903608196565e+61,-2.36098968356167e+43
-3.078034685763419e+43,-3.030229943407492e+62,-5.357119760281516e+43
-7.123201456402246e+43,-1.047381147341157e+63,-1.2051086767536797e+44
-1.738695253669627e+44,-3.566292668711039e+63,-2.7809746654571155e+44
-4.1482491360294e+44,-1.2335444763990018e+64,-6.462260133108527e+44
-9.566589901563693e+44,-4.2796239945357425e+64,-1.4395161398327227e+45
-2.2722276465953366e+45,-1.523627247210995e+65,-3.3129913754780474e+45
-5.42765178763388e+45,-5.341729198317849e+65,-7.167862843581598e+45
-1.2103867084101771e+46,-1.8572547307878213e+66,-1.6494176662890346e+46
-2.712181885284573e+46,-6.4759925913363686e+66,-3.6863665755944606e+46
-5.587757142583864e+46,-2.2149970165680865e+67,-8.105357473845533e+46
-1.2785596043679986e+47,-7.557254404973659e+67,-1.8701966624337477e+47
-2.761924189324429e+47,-2.5690530737982546e+68,-4.341968013250746e+47
-6.171449610307884e+47,-8.881678883116053e+68,-1.060555463787847e+48
-1.224765923192083e+48,-2.9929347913884094e+69,-2.6064880704542582e+48
-2.5012117449074175e+48,-1.0588484654927166e+70,-6.035958237435616e+48
-5.4223995885313755e+48,-3.7471228198826797e+70,-1.394662294501442e+49
-1.15471165891197e+49,-1.3361677796026157e+71,-3.1799499974185075e+49
-2.527949681114904e+49,-4.629013450205969e+71,-7.475972909619667e+49
-5.326379886181205e+49,-1.5476120327786778e+72,-1.6821891054744488e+50
-1.2871772269153624e+50,-5.373319735907023e+72,-3.850571129456788e+50
-3.454653191037937e+50,-1.871398122360728e+73,-9.27079468852122e+50
-8.293347672839865e+50,-6.602760355235102e+73,-2.12218021075035e+51
-1.9809063384816667e+51,-2.2385061236460298e+74,-4.9635510408567385e+51
-4.648353325750753e+51,-7.475293591392243e+74,-1.1876839857706224e+52
-1.0830610805360446e+52,-2.5980314221418553e+75,-2.9442915704024345e+52
-2.6659788121755946e+52,-9.137659177185136e+75,-7.312463603323173e+52
-6.362255779749919e+52,-3.117411395207939e+76,-1.7342274649563998e+53
-1.4548781923281265e+53,-1.0579516222738712e+77,-4.0909797203505236e+53
-3.2760209890321347e+53,-3.6626246829854505e+77,-9.569974165552044e+53
-7.554650132155316e+53,-1.2473685311852144e+78,-2.294096642460603e+54
-1.579858195888018e+54,-4.336348778429278e+78,-5.513926237770019e+54
-3.7086683066660344e+54,-1.5227684640361606e+79,-1.2383398060103682e+55
-7.929042782531045e+54,-5.2614914762825656e+79,-3.0453726230924265e+55
-1.7157692515563695e+55,-1.8081027805614559e+80,-7.736827258629941e+55
-3.7117998761561476e+55,-6.266348415057849e+80,-1.820564817866253e+56
-7.936782712611709e+55,-2.092029363524201e+81,-4.443469240313905e+56
-1.7326263375679668e+56,-7.077936432824499e+81,-9.75195310798479e+56
-3.7351533665710177e+56,-2.3936700388296435e+82,-2.3149637802482126e+57
-7.827712277131063e+56,-8.157394680576409e+82,-5.4567203462542415e+57
-1.7364306700549487e+57,-2.8702268804072415e+83,-1.3809943039291931e+58
-3.750738968347599e+57,-1.002699051285361e+84,-3.5794612072292573e+58
-8.162615409484902e+57,-3.41754277288901e+84,-8.400917568873775e+58
-1.9863225256834517e+58,-1.1828700842504564e+85,-1.972589528748629e+59
-4.643876156862424e+58,-4.114337803360887e+85,-4.866939305677254e+59
-1.155487222724347e+59,-1.4023230153915603e+86,-1.108912852765647e+60
-2.779505172851659e+59,-4.8040848941684905e+86,-2.512272287171095e+60
-6.552161525733149e+59,-1.6310745833391534e+87,-5.64096957302321e+60
-1.5609109860551645e+60,-5.50578038094015e+87,-1.2725425221407285e+61
-3.522701535893758e+60,-1.910294437341906e+88,-2.96116080370333e+61
-7.759444261388646e+60,-6.505468222572105e+88,-6.233546204859349e+61
-1.8100498670644943e+61,-2.2199646902627086e+89,-1.3814821585420343e+62
-4.2150259343800006e+61,-7.852577209246684e+89,-3.076071253372877e+62
-1.005111121977578e+62,-2.7066459664841437e+90,-6.5704121351096345e+62
-2.350755435104483e+62,-9.349753138649345e+90,-1.4225962493183397e+63
-5.394820814775331e+62,-3.1810285287700888e+91,-3.379565445651405e+63
-1.2207657112475362e+63,-1.0833429145344879e+92,-7.403395339703816e+63
-2.865293279551825e+63,-3.765232313908629e+92,-1.597723822995209e+64
-6.287884537046107e+63,-1.304389908876622e+93,-3.544009950387072e+64
-1.4054990065546835e+64,-4.566549697334341e+93,-8.137883442752154e+64
-3.2420875971230033e+64,-1.5493595834119233e+94,-1.8138506101540033e+65
-7.593420865389151e+64,-5.445852813986544e+94,-4.0609320798128227e+65
-1.6864321188648744e+65,-1.9012149575406956e+95,-8.975877677443533e+65
-3.717726053485439e+65,-6.454810964023179e+95,-2.3655315499542533e+66
-8.446110942232972e+65,-2.268545969181079e+96,-5.4642384546710245e+66
-1.9926221582353633e+66,-7.751682226152569e+96,-1.3114862480744238e+67
-4.347112812751329e+66,-2.665856520869355e+97,-3.03370648579324e+67
-1.00351477627356e+67,-8.992337874645194e+97,-6.732145564839057e+67
-2.2881191173493337e+67,-3.137736886223917e+98,-1.4300780187330535e+68
-5.133699912608306e+67,-1.0568269462756028e+99,-3.0550484442633685e+68
-1.113946762937778e+68,-3.573318991410118e+99,-5.984009807557233e+68
-2.571255688316959e+68,-1.18043631354923e+100,-1.2313856173072152e+69
-5.941694868455467e+68,-4.078113641424481e+100,-2.635547760494132e+69
-1.3223267022483524e+69,-1.4229309167838675e+101,-5.406063146035507e+69
-2.8189725426147938e+69,-4.911447630559967e+101,-1.1520429688140843e+70
-6.305948107141351e+69,-1.6645721812439347e+102,-2.5587455667660955e+70
-1.3319692219050321e+70,-5.843203153602321e+102,-5.378304967040052e+70
-2.938049281378758e+70,-2.037022554954528e+103,-1.2252019595622127e+71
-6.495388254840415e+70,-7.034685202122344e+103,-2.669804526305694e+71
-1.3695486843372493e+71,-2.469627731889998e+104,-5.889894600989522e+71
-2.969836450344195e+71,-8.607476482694351e+104,-1.2902959320143964e+72
-7.269408133695085e+71,-2.9354081540251436e+105,-2.9640413649926103e+72
-1.6547636140463087e+72,-1.0403831428253993e+106,-6.775034473280424e+72
-3.813264189974751e+72,-3.5867501625133762e+106,-1.5230770542117934e+73
-8.904764987387384e+72,-1.2097205022681507e+107,-3.662205482382119e+73
-1.9905102688233965e+73,-4.23645301373849e+107,-8.280683557816481e+73
-4.418743653637432e+73,-1.4852675786068723e+108,-1.8128595832306618e+74
-9.926897302404957e+73,-5.094099858221463e+108,-4.001615699081633e+74
-2.335591766641208e+74,-1.7756902192816419e+109,-8.568038295936924e+74
-5.016511433443488e+74,-6.027312814390329e+109,-1.929712069957192e+75
-1.115225810650258e+75,-2.041308852406518e+110,-4.415726291518822e+75
-2.612608485387164e+75,-7.136082514487015e+110,-1.0293015746243612e+76
-6.238447726935208e+75,-2.5197799628648284e+111,-2.3052496775224216e+76
-1.4012254551209593e+76,-8.692278050842895e+111,-5.1599735261161654e+76
-3.317397321624023e+76,-2.9619914591821348e+112,-1.1914900212251609e+77
-8.227094267910579e+76,-1.0205545334911563e+113,-2.6798377837931296e+77
-2.1516196014155792e+77,-3.5246787212157234e+113,-6.361516566170793e+77
-5.222652628695841e+77,-1.2279344228571046e+114,-1.515750487233237e+78
-1.2491450392167265e+78,-4.264414550160016e+114,-3.4033932870319552e+78
-2.813025635556386e+78,-1.4793093560920021e+115,-8.062319954084836e+78
-6.5568871052441584e+78,-5.221728295186695e+115,-1.8442764463501047e+79
-1.5493003640529592e+79,-1.796589935950912e+116,-4.248687882890743e+79
-3.619826577450913e+79,-6.196133752132462e+116,-9.994817749518267e+79
-8.386404857475354e+79,-2.1601244829989398e+117,-2.233954705217337e+80
-2.096811677372908e+80,-7.664378188387896e+117,-5.136611199830488e+80
-4.866391546830966e+80,-2.680780554307228e+118,-1.1369912987620166e+81
-1.2000647415709907e+81,-9.323841781439256e+118,-2.5687848594490617e+81
-2.9266815762305e+81,-3.224006280277531e+119,-5.486959459115227e+81
-6.833398562481921e+81,-1.1178077438051117e+120,-1.2430261656155663e+82
-1.5632387227593083e+82,-3.9474612121023164e+120,-2.8631252580386302e+82
-3.6650879950906194e+82,-1.3574024691102896e+121,-6.342753352709725e+82
-8.503972016922304e+82,-4.7994684530400225e+121,-1.4246462641927804e+83
-1.8437102668966992e+83,-1.694541487720289e+122,-3.202035116305818e+83
-4.2154598890245754e+83,-5.96583418394017e+122,-7.014566183354656e+83
-9.529657559797751e+83,-2.1038864267538264e+123,-1.5724148689331094e+84
-2.0741130101092768e+84,-7.451155907383535e+123,-3.4076181271547703e+84
-4.5141886346722695e+84,-2.588812141145154e+124,-7.35303151820122e+84
-1.029433711146408e+85,-8.854439815680275e+124,-1.584624647805352e+85
-2.391220918841828e+85,-3.1039405578463496e+125,-3.6653415747463966e+85
-5.636397765970518e+85,-1.041900455162734e+126,-8.273508812048039e+85
-1.3055906799294226e+86,-3.488324290478799e+126,-1.8153951274355433e+86
-2.9564792131151555e+86,-1.170795719606311e+127,-4.166730657450367e+86
-6.95120521112897e+86,-4.0670319076026456e+127,-9.831004409850982e+86
-1.6143464534800326e+87,-1.4405065043433622e+128,-2.2354447795388327e+87
-3.688584490498524e+87,-4.850530432062399e+128,-5.110211398704322e+87
-8.472371712840082e+87,-1.6908246381447685e+129,-1.1687519048708222e+88
-1.9339443663136654e+88,-5.715589038953617e+129,-2.6994377202646192e+88
-4.288134158219902e+88,-1.9841582653724457e+130,-6.245696912233106e+88
-9.807160648757494e+88,-6.930757718916224e+130,-1.5294924694594122e+89
-2.1790537796508917e+89,-2.379577366572918e+131,-3.649835626136165e+89
-4.887100210647937e+89,-8.225801393212094e+131,-8.025204489416708e+89
-1.0716109446481084e+90,-2.88182849471996e+132,-1.95134589271109e+90
-2.370782697663903e+90,-9.79993454251953e+132,-4.472897666825125e+90
-5.380886057563554e+90,-3.406892517675027e+133,-9.840297454956077e+90
-1.1856871627403535e+91,-1.1919236224621047e+134,-2.228023517933041e+91
-2.843854434774788e+91,-4.1114042106086705e+134,-5.260484805784484e+91
-6.556523407473755e+91,-1.4300696232589246e+135,-1.1889772213226544e+92
-1.4622803996484024e+92,-4.769545608006706e+135,-2.626678573485099e+92
-3.292806073001195e+92,-1.677423973995339e+136,-5.794205863292959e+92
-7.426557854024595e+92,-5.697685675920104e+136,-1.2841884949586347e+93
-1.6768778165919424e+93,-1.942432326037943e+137,-2.8005044663378995e+93
-3.8642212655138023e+93,-6.838518665168498e+137,-6.21333046700559e+93
-8.963465845854004e+93,-2.3521989678510637e+138,-1.370640306120688e+94
-2.010504336595751e+94,-8.21851846292295e+138,-2.935823176710852e+94
-4.7919366821371244e+94,-2.842637435441903e+139,-6.367639375132445e+94
-1.1073271490354471e+95,-9.632452831104595e+139,-1.3773129302542743e+95
-2.4900948438551987e+95,-3.3204992330313357e+140,-3.2163972958957057e+95
-5.819738297966897e+95,-1.1247638967633707e+141,-7.510014298537802e+95
-1.2944763875548517e+96,-3.904667424907673e+141,-1.7845774406989958e+96
-2.7317435039398387e+96,-1.331602354663649e+142,-4.333845939520056e+96
-5.993140060043775e+96,-4.489028195736926e+142,-1.0162189301208045e+97
-1.4415562032986155e+97,-1.5308988561148102e+143,-2.412092531145066e+97
-3.241511615360393e+97,-5.264302498885836e+143,-5.877855803570446e+97
-7.300166763306648e+97,-1.8294349829014268e+144,-1.4364882418343172e+98
-1.66342750327354e+98,-6.25949341414156e+144,-3.6039611557446054e+98
-3.8883872529881703e+98,-2.1108896221913806e+145,-9.230909143156055e+98
-8.76549769184201e+98,-7.049906940870006e+145,-2.3183856240007815e+99
-1.8752048049403758e+99,-2.3780963819391936e+146,-5.7037332560118635e+99
-4.315923648602122e+99,-8.41969571875963e+146,-1.4147512182837668e+100
-1.0107141069207109e+100,-2.8414500011774998e+147,-3.0646817207252323e+100
-2.3112924974256043e+100,-9.8655506327215e+147,-7.046650384745023e+100
-5.227238160988198e+100,-3.44274087879602e+148,-1.605243758137295e+101
-1.1892863380764976e+101,-1.1566568686607006e+149,-3.463308158706452e+101
-2.9052706593636176e+101,-3.982377285787032e+149,-8.121261176359001e+101
-6.80360947948669e+101,-1.4081687273626934e+150,-1.8905516141557283e+102
-1.498975312388933e+102,-4.772426440747567e+150,-4.368651653702525e+102
-3.433591985044783e+102,-1.664349091408588e+151,-1.0049918289783994e+103
-7.472284385077134e+102,-5.800297546305794e+151,-2.392238733927042e+103
-1.6580262626956393e+103,-2.000600119664706e+152,-5.681857340076354e+103
-3.5470298375238357e+103,-6.958714128676864e+152,-1.2726118747290504e+104
-8.053156538342842e+103,-2.4203857812626867e+153,-2.964347883495413e+104
-1.7130938636825997e+104,-8.522073022344361e+153,-6.752817412658183e+104
-3.65519999345543e+104,-2.932250044488173e+154,-1.7412340226778695e+105
-8.043909141127944e+104,-1.0084372697741398e+155,-4.177976048869594e+105
-1.8170881775132778e+105,-3.4790161504454952e+155,-9.481878455334525e+105
-4.0421501516808077e+105,-1.226758865717259e+156,-2.197454607163333e+106
-9.497211224016687e+105,-4.271094279709408e+156,-4.972779831476666e+106
-2.2188128481045407e+106,-1.4311607391753093e+157,-1.1060232654966172e+107
-5.188718938807483e+106,-4.9173947316178833e+157,-2.4924870793659348e+107
-1.1836990815812484e+107,-1.6860554506578645e+158,-5.487335835969744e+107
-2.8311470570608673e+107,-5.79187977113814e+158,-1.2288915795529296e+108
-6.693299484636539e+107,-1.9853783693498225e+159,-2.825802717512742e+108
-1.4700039205908405e+108,-6.876185881825655e+159,-6.885582485669863e+108
-3.3681338987150316e+108,-2.3954566217354694e+160,-1.5983861515402942e+109
-7.591819962164238e+108,-7.971881311578735e+160,-3.4896771651737174e+109
-1.632359754247664e+109,-2.778739366288316e+161,-8.041368660906016e+109
-3.836539551485353e+109,-9.45978232248199e+161,-1.694025424596571e+110
-8.32455629235581e+109,-3.2615727394798777e+162,-3.750041497184417e+110
-2.020830500821828e+110,-1.1371618762885936e+163,-8.820769561250942e+110
-4.602451180057658e+110,-3.867445625239385e+163,-1.9456717278413238e+111
-1.1185140759269822e+111,-1.3460347714606415e+164,-4.532276308613119e+111
-2.558667667549299e+111,-4.693799032455247e+164,-1.0554867264558707e+112
-5.817779024358281e+111,-1.6186853749649335e+165,-2.5015199629034233e+112
-1.3648699691711813e+112,-5.711929531999568e+165,-5.723459121050328e+112
-3.065835759377931e+112,-1.942938412668616e+166,-1.446277412122665e+113
-7.770567305403144e+112,-6.806777064187925e+166,-3.4993408613022884e+113
-1.8000458815535338e+113,-2.348170569484519e+167,-8.178356041168006e+113
-4.141970173985308e+113,-8.27019967786852e+167,-1.846022601218061e+114
-9.207809294159924e+113,-2.8669877694547103e+168,-4.46456276452795e+114
-2.0597657506621665e+114,-9.605220141043994e+168,-1.0367687918880613e+115
-4.594566959746933e+114,-3.3891667237187076e+169,-2.379323120992146e+115
-9.931732326571576e+114,-1.188155442414811e+170,-5.336554264177592e+115
-2.149122062894541e+115,-4.059141035735705e+170,-1.1621186265731554e+116
-4.7109812111741e+115,-1.4090905789789918e+171,-2.762992393426226e+116
-1.099392466859699e+116,-5.010834393828699e+171,-6.262362695544445e+116
-2.3513767529631273e+116,-1.717277208004562e+172,-1.4747390623670307e+117
-5.203284788146828e+116,-6.027396539602051e+172,-3.2637678810182603e+117
-1.2172888045085681e+117,-2.0735046059338343e+173,-7.747369773774058e+117
-2.779562582126487e+117,-7.257784148778448e+173,-1.7988860380173903e+118
-6.614933004536277e+117,-2.5137427533686126e+174,-4.04212724949872e+118
-1.661513317120944e+118,-8.33668103208405e+174,-9.294080783751433e+118
-4.0029193279279e+118,-2.8493687703270184e+175,-2.086270428367871e+119
-9.109019755696798e+118,-9.586478181846173e+175,-5.030712731537468e+119
-2.165121278451124e+119,-3.270387224702616e+176,-1.1702706768760731e+120
-4.732480605542777e+119,-1.1078924174193069e+177,-2.753870517100785e+120
-1.014473294738053e+120,-3.769571631589401e+177,-6.183048883099764e+120
-2.3116287699100695e+120,-1.2858801610282461e+178,-1.6053389455955054e+121
-4.9833029682955343e+120,-4.502032443962633e+178,-3.852430964047114e+121
-1.2126833704302124e+121,-1.5232015428509646e+179,-8.975660269091128e+121
-2.7487372192503474e+121,-5.219740488087496e+179,-2.0947406247807925e+122
-6.033094018258759e+121,-1.8476483816158357e+180,-4.742945200672988e+122
-1.333645500323543e+122,-6.267397725926917e+180,-1.2067518853073206e+123
-2.898589907211248e+122,-2.177648248349328e+181,-3.0482174753101505e+123
-6.426008875481734e+122,-7.67520914513722e+181,-7.279042557385661e+123
-1.449171033905307e+123,-2.6898172720448934e+182,-1.7024056392982631e+124
-3.499181985708991e+123,-9.265875816673194e+182,-4.467085411275739e+124
-8.111260248623627e+123,-3.154474129744529e+183,-1.0690236407486854e+125
-2.226566797439378e+124,-1.1215975933901902e+184,-2.4059117827843903e+125
-5.446117862027123e+124,-3.8631679051072126e+184,-5.937738675667213e+125
-1.392777728283207e+125,-1.3654969261892595e+185,-1.3806767780632214e+126
-3.8345592221823056e+125,-4.68186374677337e+185,-3.1928155358756575e+126
-9.692504590279586e+125,-1.6161445948259807e+186,-7.299002588591327e+126
-2.2856575819881858e+126,-5.484716545797766e+186,-1.7924248050609736e+127
-5.563793858040827e+126,-1.9013854768237234e+187,-4.17297957623699e+127
-1.2132358095775898e+127,-6.4680740274751746e+187,-9.678585300888114e+127
-2.6951676497467624e+127,-2.29478540382628e+188,-2.0565629646488772e+128
-5.842079624204847e+127,-8.03640993361302e+188,-4.46055110085772e+128
-1.3195005534104638e+128,-2.7997652457794784e+189,-1.0726326186613668e+129
-2.7983342118209818e+128,-9.75294640206031e+189,-2.4958441142783422e+129
-6.8470873786505364e+128,-3.452477723799642e+190,-5.640982143512546e+129
-1.595707699610788e+129,-1.1731023320269513e+191,-1.283516452325166e+130
-4.025433213865065e+129,-4.1157119907280724e+191,-2.9734851403674285e+130
-1.0157748378425086e+130,-1.4065551609805372e+192,-7.463878457667715e+130
-2.619554155115445e+130,-4.802035784914268e+192,-1.6473801278891326e+131
-6.38202785580134e+130,-1.6615535663691944e+193,-3.719505018748828e+131
-1.644868828375852e+131,-5.574083991847265e+193,-8.836824571386878e+131
-3.852873661371287e+131,-1.9161498989772886e+194,-1.957093616755751e+132
-8.602346060631028e+131,-6.686735388891554e+194,-4.46435642462057e+132
-2.0545609147781283e+132,-2.319436203863702e+195,-1.0362608809543036e+133
-4.631043920998627e+132,-7.913828260165964e+195,-2.3267704565543954e+133
-1.0567734099244248e+133,-2.7526865875050075e+196,-5.03106694836671e+133
-2.3735017057444734e+133,-9.423715344526106e+196,-1.159003653329801e+134
-5.10144179487829e+133,-3.215986351010207e+197,-2.579778976721886e+134
-1.0986702238594773e+134,-1.096072684582763e+198,-5.5679949673699525e+134
-2.4098328650515526e+134,-3.7745412215951255e+198,-1.2485245392326475e+135
-5.9636340884659145e+134,-1.2837287827608355e+199,-2.729838616291115e+135
-1.4403586953084571e+135,-4.389976062676757e+199,-5.948705373425926e+135
-3.272350002866416e+135,-1.5323018168269082e+200,-1.3307079985114774e+136
-8.067642916459414e+135,-5.23039515846147e+200,-2.9971250047146793e+136
-1.8830884840864106e+136,-1.756024927366377e+201,-6.828864526591014e+136
-4.483536051285206e+136,-6.180723436629113e+201,-1.5715312320085534e+137
-1.0420677629345928e+137,-2.1639223887889424e+202,-3.960552367353303e+137
-2.452393877202333e+137,-7.5077878666799335e+202,-8.940275091239559e+137
-5.429993982582044e+137,-2.5753035438323493e+203,-2.2297498858751526e+138
-1.263684109853732e+138,-8.847859345011023e+203,-5.109252831631678e+138
-3.09185316669276e+138,-2.971397622291347e+204,-1.1133548786422265e+139
-8.77697887705558e+138,-1.0359304326905703e+205,-2.657883072150632e+139
-2.25102044481646e+139,-3.543502146199618e+205,-5.848077780511128e+139
-5.283445838439814e+139,-1.2138979467795672e+206,-1.312127824034372e+140
-1.2218390071659543e+140,-4.097396705843813e+206,-3.023611470275561e+140
-2.844120605249217e+140,-1.4586894791112253e+207,-6.918947598593789e+140
-7.046245956877698e+140,-4.978230905633935e+207,-1.604130282815937e+141
-1.7278842446859796e+141,-1.7140177304896577e+208,-3.665081071779978e+141
-4.229358702685713e+141,-5.848683216147974e+208,-8.614694182246124e+141
-1.0287219311212448e+142,-2.042769320377269e+209,-1.9488347016556587e+142
-2.1939576773694356e+142,-6.877429082555036e+209,-4.6999667734943843e+142
-4.895307252644949e+142,-2.370447722228612e+210,-1.0853056161682661e+143
-1.161246101779177e+143,-8.211377191574052e+210,-2.540006408525858e+143
-2.7018506801617395e+143,-2.7885228307418584e+211,-5.707599808961874e+143
-5.8341695994685175e+143,-9.706203259262149e+211,-1.308187416310511e+144
-1.3786276867390773e+144,-3.3518118912341317e+212,-3.084515172145265e+144
-3.417450640695191e+144,-1.1268419928267264e+213,-7.200423212608017e+144
-8.702147764765226e+144,-4.00967723336003e+213,-1.5601739065701855e+145
-2.260102043058749e+145,-1.381784756634809e+214,-3.49876514865242e+145
-5.560532190663777e+145,-4.772120430344591e+214,-8.03398476960127e+145
-1.4015634637935207e+146,-1.6221685151804322e+215,-1.7498753824874394e+146
-3.4660402899849447e+146,-5.674838783220711e+215,-3.9847035609664652e+146
-8.479372856868166e+146,-1.9464121581095875e+216,-9.773689258275097e+146
-1.962870516652673e+147,-6.723071512739016e+216,-2.2342440792504823e+147
-4.3664674137887835e+147,-2.2647415061229076e+217,-5.326527488616042e+147
-1.072024666804918e+148,-7.961774451408647e+217,-1.2147774892114566e+148
-2.493350989287722e+148,-2.749924454682635e+218,-2.852376923939472e+148
-5.538456518121026e+148,-9.61207153582605e+218,-6.302768536320219e+148
-1.3307962716517332e+149,-3.3379317107107465e+219,-1.433422072569832e+149
-2.966218743195085e+149,-1.162716312808421e+220,-3.3086623330220396e+149
-6.688329503990565e+149,-4.0352555868339903e+220,-7.482726768779159e+149
-1.4242405029687106e+150,-1.386246158329133e+221,-1.790766309162242e+150
-3.218984202895688e+150,-4.883941618304395e+221,-4.1390271041367386e+150
-7.27667326149528e+150,-1.6825380420801477e+222,-9.953028998674969e+150
-1.663073931438166e+151,-5.84536445074752e+222,-2.298662174105852e+151
-3.843698826443579e+151,-2.026433930292296e+223,-5.301971176844918e+151
-8.649832209987893e+151,-7.015077712492267e+223,-1.1986530959882964e+152
-1.9948912657113072e+152,-2.3545792903605178e+224,-2.73026770334012e+152
-4.1804657441734804e+152,-8.167726739444413e+224,-6.612627431342058e+152
-9.587424925887699e+152,-2.815763440115436e+225,-1.5009215837701084e+153
-2.077422989594588e+153,-9.563834510883582e+225,-3.504959117992579e+153
-4.451119944153163e+153,-3.210755790162384e+226,-7.563118782272065e+153
-9.629057739304012e+153,-1.1198354401275622e+227,-1.752045912430646e+154
-2.0889570422733853e+154,-3.7581439830529436e+227,-4.050779823060309e+154
-4.308493998186724e+154,-1.2833484704843292e+228,-9.041867127653834e+154
-9.173642757039821e+154,-4.332727350120983e+228,-2.1412020907901812e+155
-1.983098236765541e+155,-1.4514901466585723e+229,-4.892245762814396e+155
-4.683421627619115e+155,-5.022693410750337e+229,-1.164547327564751e+156
-1.0380770959079858e+156,-1.761130562961852e+230,-2.7600885655581294e+156
-2.1647141582215215e+156,-6.085866056822684e+230,-6.157128482204967e+156
-4.790751813678079e+156,-2.0494468354209358e+231,-1.585496182301694e+157
-1.0934661151912715e+157,-7.057767019254282e+231,-3.747394606239571e+157
-2.2617405673271637e+157,-2.431008301277416e+232,-8.460296572637749e+157
-5.349555607621448e+157,-8.238655783870479e+232,-1.914273689572818e+158
-1.1701174777689638e+158,-2.8183372936806026e+233,-4.363124959744958e+158
-2.7835096646491716e+158,-9.476731882533573e+233,-9.453773760635426e+158
-6.166237099840238e+158,-3.177088208159984e+234,-2.060808989516529e+159
-1.4235314515219386e+159,-1.114747296257386e+235,-4.5536816646037e+159
-3.2063491099751877e+159,-3.6661139055776144e+235,-1.0595442770312846e+160
-7.343876623361068e+159,-1.2607639024876858e+236,-2.4720842253058388e+160
-1.585520176548663e+160,-4.284725569238766e+236,-5.937108098591876e+160
-3.636113110761756e+160,-1.441325919664735e+237,-1.3392218790670488e+161
-8.313104529786238e+160,-4.9402571343502414e+237,-3.0490241421632766e+161
-1.960089169372416e+161,-1.6602614917719373e+238,-6.57343279796276e+161
-4.1782269222973874e+161,-5.827067639863632e+238,-1.4739534121476372e+162
-9.429492991113831e+161,-1.9812940119673534e+239,-3.3210892331380705e+162
-2.044082389822722e+162,-6.658017722008089e+239,-7.46168764104085e+162
-5.034461338574666e+162,-2.2871846026881895e+240,-1.6365136975924593e+163
-1.1929538410770555e+163,-7.936478757863857e+240,-3.7632555380797775e+163
-2.7996583118086112e+163,-2.720886736479639e+241,-8.608817835283365e+163
-6.308065825383353e+163,-9.352843964895831e+241,-2.0039547147838215e+164
-1.3751498793283806e+164,-3.2715664431855616e+242,-4.691587725744438e+164
-3.1777378962256006e+164,-1.1180923101796487e+243,-1.1282261012889337e+165
-6.890634891301212e+164,-3.801080842777168e+243,-2.793319858947406e+165
-1.4544477454043203e+165,-1.2948934530220562e+244,-6.772559496689236e+165
-3.608582048109239e+165,-4.47892611607554e+244,-1.6557867176707966e+166
-8.402104239861976e+165,-1.592156061077834e+245,-3.990638590188032e+166
-2.0569111184704533e+166,-5.579179370069274e+245,-9.157319988275624e+166
-4.992735483444273e+166,-1.9787978232225378e+246,-2.1569427426508314e+167
-1.1613254396386436e+167,-7.033341287694527e+246,-5.267119470580476e+167
-2.6177430887247025e+167,-2.415251509680629e+247,-1.2341785096685725e+168
-5.975896975457663e+167,-8.264004276223874e+247,-2.7437365941010136e+168
-1.2719992251566167e+168,-2.839850520268644e+248,-6.177496688197751e+168
-2.8320690769065493e+168,-9.444117770046953e+248,-1.395683675192589e+169
-6.8144535307678695e+168,-3.2018762856588593e+249,-3.343435157640699e+169
-1.6792554179789492e+169,-1.1074915660771453e+250,-7.703834030353847e+169
-3.8906506495694204e+169,-3.800325763893413e+250,-1.773687698124001e+170
-1.0081254786074905e+170,-1.3110899341690392e+251,-4.094041144002648e+170
-2.3725768944596986e+170,-4.5019396149007163e+251,-9.372810506176555e+170
-5.701390369295036e+170,-1.5276473695765407e+252,-2.378312792778754e+171
-1.381490296668467e+171,-5.343803644242455e+252,-5.6615577952121275e+171
-3.519094322154242e+171,-1.8623335829324815e+253,-1.3148315340492924e+172
-8.866569979726146e+171,-6.420596363882085e+253,-3.1494623759298225e+172
-2.0591199871393133e+172,-2.2577273313912388e+254,-7.392745808494216e+172
-5.0165305762524104e+172,-7.794157720346877e+254,-1.6311650147913969e+173
-1.146171839443105e+173,-2.6865264208552107e+255,-3.53513340432328e+173
-2.558407001626143e+173,-9.325574228840508e+255,-7.520571477758204e+173
-5.631600627798236e+173,-3.194347541214868e+256,-1.7575727175410714e+174
-1.4448309662351535e+174,-1.1111194218337421e+257,-4.052235242818292e+174
-3.241551283336028e+174,-3.776346697767564e+257,-8.964221756148664e+174
-7.051124371317729e+174,-1.2953724160703137e+258,-2.02990590992596e+175
-1.668015055930582e+175,-4.476273527339455e+258,-4.7985107236387814e+175
-3.844680455549113e+175,-1.469187501163798e+259,-1.1233594619276375e+176
-9.101749044280363e+175,-5.077944017003039e+259,-2.5558885294614213e+176
-2.3438328234787695e+176,-1.7417621444128705e+260,-6.080376962256037e+176
-5.946093767013756e+176,-6.056389107962612e+260,-1.3975121425495052e+177
-1.6154329008623288e+177,-2.1275142838359963e+261,-3.152423328525025e+177
-4.040445022334902e+177,-7.315106902724685e+261,-7.181925744613543e+177
-9.005624957200376e+177,-2.5257883028619366e+262,-1.5695384130899548e+178
-2.4236360867248604e+178,-8.931311155301846e+262,-3.330980135440173e+178
-5.7685326822379925e+178,-3.1547316413406486e+263,-7.044100909859617e+178
-1.3883089124245784e+179,-1.0989369877491218e+264,-1.478739203369652e+179
-3.2160274212126884e+179,-3.801256479423916e+264,-3.118461301769423e+179
-7.888198859671782e+179,-1.3388425357419181e+265,-6.846301765237542e+179
-1.8175537439781907e+180,-4.7236361942551995e+265,-1.5240748848105893e+180
-4.0139035355836057e+180,-1.6427172002250285e+266,-3.5082393306133585e+180
-8.882977186906708e+180,-5.60559234386149e+266,-7.993015659889693e+180
-1.801782649718409e+181,-1.951787764316875e+267,-1.897004195783197e+181
-3.652275236080788e+181,-6.722902451590821e+267,-4.298872572841053e+181
-7.815805767203134e+181,-2.230877441132289e+268,-9.611213420116513e+181
-1.7843805386343813e+182,-7.548629330138459e+268,-2.1840017995134945e+182
-4.012652082334047e+182,-2.594803352931096e+269,-4.926064698314585e+182
-1.0463725874287981e+183,-9.092680025805542e+269,-1.2452637012124933e+183
