pso,hgapso,logapso
254975.11411413533,146384.2309432214,246793.11763864788
254975.11411413533,93473.86397046284,246793.11763864788
254975.11411413533,61509.61634215123,246793.11763864788
254975.11411413533,38473.627295657505,246793.11763864788
254975.11411413533,27872.533176931007,246793.11763864788
254975.11411413533,18353.886892431074,246793.11763864788
254975.11411413533,13689.400476754545,246793.11763864788
254975.11411413533,10081.035684597777,246793.11763864788
254975.11411413533,7993.142669352089,246793.11763864788
254975.11411413533,6078.190573525038,246793.11763864788
254975.11411413533,5370.190393795976,246793.11763864788
254975.11411413533,4709.266672431446,246793.11763864788
254975.11411413533,4389.3208511366565,246793.11763864788
254975.11411413533,4271.730065727106,246793.11763864788
254975.11411413533,4048.854520417613,246793.11763864788
254975.11411413533,4003.8379222108924,246793.11763864788
254975.11411413533,4003.2014553070053,246793.11763864788
254975.11411413533,3956.221471054093,246793.11763864788
254975.11411413533,3956.221471054093,246793.11763864788
254975.11411413533,3945.018859960773,246793.11763864788
254975.11411413533,3945.018859960773,246793.11763864788
254975.11411413533,3945.018859960773,246793.11763864788
254975.11411413533,3945.018859960773,246793.11763864788
254975.11411413533,3945.018859960773,246301.35671102777
254975.11411413533,3945.018859960773,246301.35671102777
254975.11411413533,3945.018859960773,246274.53310023792
254975.11411413533,3945.018859960773,246274.53310023792
254975.11411413533,3945.018859960773,246274.53310023792
254975.11411413533,3945.018859960773,242462.0143481128
253841.34591040248,3945.018859960773,236866.3640811805
253841.34591040248,3945.018859960773,236866.3640811805
252798.37431552858,3945.018859960773,235459.60335487383
252798.37431552858,3945.018859960773,235459.60335487383
250623.60398189095,3945.018859960773,234374.62317108683
250506.39392104192,3945.018859960773,234374.62317108683
250506.39392104192,3945.018859960773,234374.62317108683
243130.3006445553,3945.018859960773,234374.62317108683
243130.3006445553,3945.018859960773,233131.07708064857
240801.6359306557,3945.018859960773,232315.5299850938
239439.52484150036,3945.018859960773,225184.5136591827
239232.05064862716,3945.018859960773,225184.5136591827
238756.70458628694,3945.018859960773,223530.39569650692
238756.70458628694,3945.018859960773,215372.34376462066
238620.5235499186,3945.018859960773,215372.34376462066
237753.74524957873,3945.018859960773,215238.59352159692
236701.33263206528,3945.018859960773,215238.59352159692
236621.88283355915,3945.018859960773,214855.05223266414
234421.46815198706,3945.018859960773,213766.87826628945
227622.14158508866,3945.018859960773,213766.87826628945
227175.64415178908,3945.018859960773,212933.5926514819
226949.904796901,3945.018859960773,212933.5926514819
226166.49641966663,3945.018859960773,210891.90317863072
223938.92998238857,3945.018859960773,210891.90317863072
221011.01393701485,3945.018859960773,210891.90317863072
218508.9971884989,3945.018859960773,210689.61964243255
218506.4996804799,3945.018859960773,203630.18897186048
218504.26552343034,3945.018859960773,200430.0078734414
218502.38867717586,3945.018859960773,198099.15464294428
218124.60359972477,3945.018859960773,190094.94485891087
213406.10621029753,3945.018859960773,190094.94485891087
208955.66082917736,3945.018859960773,190094.94485891087
208415.4692957916,3945.018859960773,190094.94485891087
207039.58391379906,3945.018859960773,190094.94485891087
205842.09610698523,3945.018859960773,186283.8157142449
202780.4205269043,3945.018859960773,185980.6769880148
201658.6171223466,3945.018859960773,184757.17371976768
198096.601443494,3945.018859960773,184301.806909203
195174.82851083134,3945.018859960773,182857.4906091386
192966.1222423614,3945.018859960773,180625.25984154321
187307.00446376292,3945.018859960773,179932.67525710532
187307.00446376292,3945.018859960773,178413.7647704506
184864.70359791518,3945.018859960773,177787.25230396603
182987.29692465882,3945.018859960773,177787.25230396603
181102.8355689088,3945.018859960773,177047.83366490877
180575.6083738342,3945.018859960773,175711.25725514814
179614.58143571005,3945.018859960773,171639.28670904003
179474.55002660537,3945.018859960773,170351.34056713677
176883.87625676527,3945.018859960773,168699.36702809943
175316.52139020094,3945.018859960773,165936.19039747663
170670.4280807784,3945.018859960773,165436.71013649734
169014.442332403,3945.018859960773,165064.0299259619
165765.87173531216,3945.018859960773,162973.4801726194
164260.74986538355,3945.018859960773,160427.07558604656
162471.23609952518,3945.018859960773,159772.99422406597
161987.62914841977,3945.018859960773,158101.8725359804
158158.06081826685,3945.018859960773,152271.5410673916
153336.7946341491,3945.018859960773,147543.0173570948
149759.7281071068,3945.018859960773,146147.502478983
148880.3682651435,3945.018859960773,141558.41150465547
148150.08346356184,3945.018859960773,140140.02914789872
147677.58739970587,3945.018859960773,137726.50133606436
146689.77136518082,3945.018859960773,133810.759696877
143739.9337541959,3945.018859960773,131790.75742771963
142500.12004366046,3945.018859960773,130808.52793714024
140060.72652735154,3945.018859960773,129714.81414997081
137929.9784891585,3945.018859960773,127714.67194165662
137052.12691339257,3945.018859960773,123064.2037127541
133932.0903949502,3945.018859960773,121178.01639577033
130582.04517636164,3945.018859960773,118600.6606721838
129771.10318629307,3945.018859960773,116436.75196627148
128022.66987831495,3945.018859960773,115731.30854128457
126545.41676449284,3945.018859960773,114859.08507274627
122039.92047594409,3945.018859960773,113111.06178275966
118286.10232229458,3945.018859960773,112015.73207911616
116699.84047856965,3945.018859960773,110806.80758371609
114506.90745442493,3945.018859960773,108965.87385044857
111972.90613848672,3945.018859960773,104876.72168474228
109955.7449807971,3945.018859960773,101001.841520416
108877.69576296976,3945.018859960773,100125.49270574561
106656.15742755041,3945.018859960773,97817.0665244557
104172.8392275033,3945.018859960773,96254.5860609643
101691.92655170511,3945.018859960773,94644.56548471942
101156.56790984249,3945.018859960773,93443.0639688602
99044.59849524319,3945.018859960773,89738.73197853638
97627.52164356638,3945.018859960773,88365.55292256239
96792.60114636194,3945.018859960773,86550.64647621487
92547.06507676792,3945.018859960773,83750.66666975323
90615.38875633416,3945.018859960773,82267.2513820184
88179.51783170359,3945.018859960773,80368.98978274025
86344.07204880854,3945.018859960773,79928.78001894018
85608.91018151816,3945.018859960773,76675.5138120085
82512.93368237802,3945.018859960773,75684.31304476
78962.11780604783,3945.018859960773,72204.36462100335
77203.55788618601,3945.018859960773,70006.74579575549
74991.91480769464,3945.018859960773,68259.25776925751
74354.43924529328,3945.018859960773,66294.07964289501
73325.94070774157,3945.018859960773,65576.01630673578
70586.45045608682,3945.018859960773,64865.38068896303
67652.58214742689,3945.018859960773,64647.73807291365
67193.76358259318,3945.018859960773,63669.254105089116
64557.28543629623,3945.018859960773,62526.96340126616
63233.95897585383,3945.018859960773,61234.481303319546
61724.605325160235,3945.018859960773,60923.586947348536
60521.75832618079,3945.018859960773,59376.812434308114
58702.91336986015,3945.018859960773,57818.43754569792
57354.00491605811,3945.018859960773,57683.2737519549
56064.201419369005,3945.018859960773,56329.69755255895
54096.61592846726,3945.018859960773,54624.643756097685
52123.513443738004,3945.018859960773,54130.114866877266
51057.64095573705,3945.018859960773,51944.86762945153
50371.7239109301,3945.018859960773,50145.122512388116
48338.56663436368,3945.018859960773,49033.32894206066
46645.54305263618,3945.018859960773,47145.03302481941
46135.25513860463,3945.018859960773,46604.16323531522
44715.4401528485,3945.018859960773,45917.29509228418
43059.92117514847,3945.018859960773,45242.16114130323
41851.083590286726,3945.018859960773,44689.098980398834
40183.20546278362,3945.018859960773,42666.9260343006
39553.552070875805,3945.018859960773,40740.136281619816
37655.86835965154,3945.018859960773,39046.951776329726
37066.13523635621,3945.018859960773,37580.54332010841
35807.707628875694,3945.018859960773,37163.449038356295
35037.67552992625,3945.018859960773,36035.41083973888
33914.74696946856,3945.018859960773,34998.73268197963
33187.85659928916,3945.018859960773,34228.195830606
32088.98214388417,3945.018859960773,33962.40128337705
31575.579879888588,3945.018859960773,33462.99702781557
30677.906293240572,3945.018859960773,32308.49950282512
29668.12600540116,3945.018859960773,30859.47159015648
28723.22303747348,3945.018859960773,30361.460028408466
28235.42123006524,3945.018859960773,29948.058487305552
27760.728397538496,3945.018859960773,29047.892126166225
27223.736209027054,3945.018859960773,26921.854623484054
26599.770506533467,3945.018859960773,26542.830911137753
25247.68994846231,3945.018859960773,25660.07490001531
24387.677876226233,3945.018859960773,24832.71062238683
23313.01086748684,3945.018859960773,24469.35030518627
22610.13413466048,3945.018859960773,23588.03082401835
22224.21780901432,3945.018859960773,22922.842026281676
21783.853427689286,3945.018859960773,22163.256010275556
21019.07755783102,3945.018859960773,21265.764537303512
20675.613709011508,3945.018859960773,20831.838464482276
20003.78738156329,3945.018859960773,20210.678537866992
19381.096005414092,3945.018859960773,19378.891988204257
18534.886578971178,3945.018859960773,18757.629782316326
17429.226530914246,3945.018859960773,18180.172304493866
17135.350542732307,3945.018859960773,17567.366748835062
16486.172997540016,3945.018859960773,16874.741857143516
16195.865182253528,3945.018859960773,16130.185665792556
15582.162402609383,3945.018859960773,16001.588012215692
15304.960566582367,3945.018859960773,15189.014803407743
14601.040693464445,3945.018859960773,14902.451473081766
13981.773366981224,3945.018859960773,14391.801434422374
13659.145365212866,3945.018859960773,13665.295822004384
13187.596162050959,3945.018859960773,13285.176917195047
12835.692959823395,3945.018859960773,12733.131563012681
12408.524351768461,3945.018859960773,12117.007206961172
12130.743897928109,3945.018859960773,11912.943548420993
11829.975854720902,3945.018859960773,11630.14946942061
11444.635780967754,3945.018859960773,11119.966234778742
11119.976331540902,3945.018859960773,10906.953353517572
10828.859749033034,3945.018859960773,10539.480958510285
10453.630142633443,3945.018859960773,10261.027642909867
10186.779525614766,3945.018859960773,10070.726881600018
9760.343861615713,3945.018859960773,9775.008437221095
9417.07132590889,3945.018859960773,9379.589889435818
9323.06385253834,3945.018859960773,9128.34111076967
9070.305484974768,3945.018859960773,8889.9986647516
8684.416498727727,3945.018859960773,8691.172300339233
8456.305598369127,3945.018859960773,8596.14264617218
8229.014401711644,3945.018859960773,8401.437518265755
7948.575763172938,3945.018859960773,8225.257814775117
7797.716580700142,3945.018859960773,8029.132372877744
7690.890666827974,3945.018859960773,7850.4277533876375
7501.428155524394,3945.018859960773,7608.581261431839
7348.677877164295,3945.018859960773,7445.011677471657
7248.753610793986,3945.018859960773,7204.605428008972
7124.682763344029,3945.018859960773,7072.458044275173
6862.638782591038,3945.018859960773,6939.030835055799
6730.029028758511,3945.018859960773,6785.157615086556
6551.112403743064,3945.018859960773,6473.297745729546
6451.097558209537,3945.018859960773,6302.110299560589
6210.4517510108835,3945.018859960773,6168.61441273489
6129.947470804496,3945.018859960773,6024.517997472817
6046.546483240351,3945.018859960773,5896.74500530543
5963.154910773119,3945.018859960773,5798.352864225745
5875.4185301776315,3945.018859960773,5678.421454584026
5800.275074283685,3945.018859960773,5550.480280272233
5744.557339664095,3945.018859960773,5420.089273773425
5615.689551334436,3945.018859960773,5296.094837558555
5562.438014878675,3945.018859960773,5214.625108240915
5471.680880855622,3945.018859960773,5158.700214996662
5213.977950314293,3945.018859960773,5046.353248261999
5134.261829629258,3945.018859960773,5019.621099865709
5079.173069151749,3945.018859960773,4865.827987248291
5000.133600844996,3945.018859960773,4791.277965892243
4825.897016521963,3945.018859960773,4708.856615767009
4786.243783651896,3945.018859960773,4683.710074933495
4646.849822822881,3945.018859960773,4619.115687504575
4408.654396142719,3945.018859960773,4551.34689073002
4384.782917082884,3945.018859960773,4521.133342782813
4327.846045180244,3945.018859960773,4414.163450183858
4247.0184452471085,3945.018859960773,4398.8815678427
4201.268838268912,3945.018859960773,4297.948516051953
4086.0683828839406,3945.018859960773,4241.4604273626155
3913.0804729322035,3945.018859960773,4176.16103629468
3853.081918421115,3904.3380626672842,4087.272027702601
3817.9852515136818,3904.3380626672842,4051.3663084713107
3732.55181229197,3904.3380626672842,3964.2310276064345
3681.992391737806,3904.3380626672842,3888.4576678856465
3647.6812059929193,3904.3380626672842,3838.675507373084
3642.193965263301,3904.3380626672842,3824.779691878813
3583.2790210873122,3833.0503037411436,3792.795834982616
3546.9443139164896,3803.732175826774,3727.817445957673
3511.0232889596346,3803.732175826774,3675.470892280218
3459.7739742459407,3803.732175826774,3593.236122027163
3397.679431876119,3803.732175826774,3561.2880989147607
3352.1861594070315,3803.732175826774,3542.954698228691
3317.545412270619,3794.320589190565,3458.8298478828133
3236.578215875275,3794.320589190565,3434.7400117010266
3189.655637361917,3794.320589190565,3377.933389561023
3136.7866912800437,3794.320589190565,3307.9804442951963
3132.328786911253,3794.320589190565,3246.1689455344012
3084.9880909855824,3794.320589190565,3194.203953291195
2946.8737867665186,3792.9021065056827,3117.86715120572
2861.8694794456337,3792.9021065056827,3092.8100091164056
2813.934736929749,3789.455384349962,3073.7244526285676
2782.608214448545,3789.455384349962,3056.9271744243133
2753.595237389969,3788.3435480843764,3053.0348647244155
2719.561958486972,3788.3435480843764,3026.1027814700215
2673.22123679551,3788.3435480843764,3006.245222017741
2660.7522151998046,3785.0016836022783,2986.1852325775526
2633.1230291915244,3717.64305157341,2963.568808334766
2628.3095814157073,3716.6332790591937,2932.7276772830564
2595.7671493691055,3716.6332790591937,2879.256135685133
2584.487847944904,3713.248487169666,2850.9405416322325
2546.0237934635416,3690.5343087558263,2817.967836980098
2514.107856066007,3690.5343087558263,2789.9309061877793
2500.3108956237456,3690.5343087558263,2777.1827050246684
2450.4336711211095,3663.4838451368037,2751.437803489269
2397.8828799235844,3663.4838451368037,2720.2562082579943
2374.6275337131606,3656.0401883923723,2678.8458366581103
2355.699908462839,3656.0401883923723,2625.578666626455
2339.0945174369854,3656.0401883923723,2596.277552860558
2318.233618260242,3645.8344798756198,2566.784375620716
2318.233618260242,3645.8344798756198,2528.0215451710815
2306.6763147215665,3620.0220989584473,2525.1755125159207
2267.672315669907,3613.61775126547,2511.46703584061
2262.873672940358,3612.1390316765596,2488.302072268313
2242.6005968510594,3586.073238150394,2471.5377682823296
2211.5531663372954,3577.169564980867,2451.1972928922914
2207.3214420813747,3577.169564980867,2383.8475467212347
2194.103995775647,3563.893175604281,2376.1824553424103
2162.075858790729,3561.939818754545,2315.8801102821512
2137.1599690820153,3544.6010591520158,2293.3363707279714
2101.849927483993,3540.979762989704,2260.8177818914496
2074.5640515767072,3540.979762989704,2214.325989458368
2067.246342032828,3539.9196627369647,2207.858907378953
2039.6667205121216,3536.2937558876847,2191.7341204177887
2017.6607321104657,3530.1677803407865,2162.8592991157193
1989.5782647527915,3498.1530823941603,2156.492636410124
1989.5782647527915,3498.1530823941603,2097.848492783488
1975.2176822322076,3498.1530823941603,2091.606612779512
1968.0210103534343,3473.3285225067207,2078.682519376526
1922.1935112680621,3473.3285225067207,2067.683032114196
1911.0727683603532,3473.3285225067207,2044.0023961090185
1893.4397471033008,3472.986163070509,2034.425025953662
1882.8805348379487,3434.6376114388972,2029.325077443496
1850.9191500088018,3432.600682177371,2023.4575731490652
1839.881731128151,3409.973379562016,1986.2882253325308
1829.6433228926992,3409.973379562016,1969.9853496048217
1823.4374293345968,3351.8606493542784,1963.7112911180054
1816.4997281823514,3343.741886394541,1942.310873732921
1816.4997281823514,3343.741886394541,1939.8265836291516
1809.6082836241221,3332.0495082278517,1930.2867864185305
1789.226027767055,3275.079478106395,1906.4818264370867
1780.970429217507,3275.079478106395,1899.9236213568333
1759.4034546650194,3273.5612063541776,1886.0343290549768
1759.4034546650194,3267.560892143986,1866.510747208511
1759.4034546650194,3253.853262924143,1858.015543690694
1755.6707870839036,3249.031023061537,1849.5131930061568
1738.1396079656843,3239.4881996472845,1837.9120300527106
1737.397681759848,3213.654759827742,1818.2613615326022
1735.986480452312,3194.8181913243657,1811.8998248608757
1735.986480452312,3194.8181913243657,1806.6794823013872
1728.956036174349,3184.7784641187964,1799.4075729653348
1706.15375520591,3184.7784641187964,1776.2260275849956
1698.9197619463,3183.636976494715,1760.0940697291128
1687.8630450610137,3183.636976494715,1760.0940697291128
1671.5397582969367,3183.636976494715,1752.9777839953774
1662.4126145816667,3183.636976494715,1742.0466883523932
1655.5392985895992,3183.636976494715,1732.2345350781325
1641.495125073221,3168.824241640131,1727.676385413078
1637.874926769267,3161.7766862485723,1722.6307160574058
1634.8763664507458,3161.7766862485723,1716.672649463885
1619.215044857668,3161.7766862485723,1704.130842769652
1601.0881062255237,3158.733242201284,1701.1644419509732
1592.0814086352261,3153.1090412338976,1690.5167364557662
1588.477211952295,3153.1090412338976,1684.1566053384554
1588.477211952295,3153.1090412338976,1679.3298197974914
1582.9904527703734,3105.454895535089,1669.2949067913778
1578.8193385583172,3056.9165466362238,1667.2352703003387
1576.7389841997274,3035.026072513227,1655.5834802258262
1568.3919152859808,3035.026072513227,1650.8977763482817
1559.6924999489827,3017.4045458204027,1641.45204015847
1559.1428757976164,3004.3840785316315,1639.562248197611
1538.2104271675628,3004.3840785316315,1630.0710545679224
1534.5275508984041,3004.3840785316315,1628.8909442812915
1529.4861469359637,2991.501466928231,1621.8305457223305
1520.1600508983897,2923.418987537437,1610.9582043776195
1516.0369998831234,2919.3566754642475,1593.8098962435477
1500.3138952814998,2918.4524028841856,1582.4295287953998
1497.0985054326425,2918.4445611942674,1576.627440639022
1489.8870063912461,2884.0590376841856,1571.9547341731395
1480.2798941198296,2881.7917104137427,1558.2675954075826
1477.602144925222,2873.6920905569214,1534.2483058235944
1471.4920727575116,2873.6920905569214,1530.946387999967
1469.2061734029808,2873.6920905569214,1513.9252170153795
1452.9310479651974,2872.678540003847,1512.3786459588398
1451.309156907795,2862.3131341914245,1503.8101387872534
1429.4074986345947,2849.783735655481,1501.8056294044522
1427.5154479745963,2803.328321427661,1488.747793737019
1424.6388574739278,2803.328321427661,1486.0290391696667
1408.6878465914247,2803.328321427661,1485.2727751534499
1398.072375912705,2773.493017513259,1483.2682765485738
1394.0653261124621,2765.4579584880985,1469.7166363796616
1391.487971858183,2730.1501994734826,1450.9165549574145
1391.487971858183,2726.9854789710926,1442.579895649656
1385.6719263595387,2717.4229557972044,1426.5573319737814
1380.4213307561356,2716.583785043177,1420.634492798792
1364.8166600734344,2711.4666570797685,1418.8046640726268
1351.1576680157045,2688.1610038185777,1398.1390693572177
1343.353399391875,2681.0440090147154,1396.1499686158488
1338.158470602527,2656.3836123311435,1387.027916757999
1336.0861142172407,2629.301613516482,1379.8627232831504
1335.551040448667,2613.7008839057717,1377.2109339057074
1327.5322658694902,2613.7008839057717,1375.448957957172
1319.924345209693,2613.7008839057717,1370.5942796072031
1315.1099642432678,2613.7008839057717,1368.8226109633365
1314.3078363669297,2590.3742605504135,1356.264757801716
1311.40965397064,2579.180710787217,1343.4822169923707
1307.5234774512385,2555.7279944653405,1339.1450388613537
1303.7030817346397,2542.1733625702836,1333.057059009882
1298.575063793643,2542.005988959341,1331.0635818527498
1281.9018583428256,2506.4454357685668,1323.5122913257505
1280.6359997685329,2506.4454357685668,1313.6751820139657
1270.1571439254535,2506.4454357685668,1313.158640429973
1269.6568204270184,2506.4454357685668,1307.7399143694342
1266.915269480891,2498.745400204748,1298.4460739304322
1265.694626280309,2488.6933865154606,1297.7123501705428
1260.0323970959882,2471.976374920441,1297.0667156588484
1247.112653351868,2463.492839896241,1290.8273657924558
1242.7369803065615,2461.9948236781734,1288.4142453349857
1229.1395470369725,2442.05910405357,1283.7339972382945
1224.8525376060984,2442.05910405357,1272.081007751336
1221.2598902147172,2442.05910405357,1269.932965688736
1217.304550221867,2427.8348461980227,1264.603932890487
1209.6511862362938,2408.021075227464,1249.4362445192635
1200.0660755995975,2408.021075227464,1248.6202389131317
1199.2801127539258,2408.021075227464,1244.7771484140032
1194.543385905554,2395.2781990016983,1241.4779976172779
1182.8316640671997,2395.2781990016983,1235.4265698654985
1178.0706718472352,2367.9519911199395,1231.7853682398481
1172.6452404536085,2366.5025322371753,1212.8246347571662
1169.1603570497302,2366.5025322371753,1200.3648165266081
1163.9455317250336,2361.459989574808,1192.9813272080112
1160.5132028124592,2358.18250580276,1189.5902518848775
1159.2635089075475,2358.18250580276,1186.5693362956706
1156.6102588986664,2333.4036719807045,1186.4503034467125
1152.9849438595763,2316.5950943310054,1180.6021430432218
1147.217916987161,2316.5950943310054,1178.8199221938253
1142.3556425859801,2306.366400188929,1171.7043861395348
1136.3867007897309,2291.846491765168,1162.7175284489301
1132.492848876248,2289.0036599855252,1161.648841907586
1132.1729984023052,2226.200783893103,1155.115373071092
1128.9940161934453,2219.096690574551,1153.9900292393315
1123.3508258457316,2219.096690574551,1144.4436421131657
1122.0295396949455,2219.096690574551,1140.8893861949316
1120.850168344789,2207.0759730136147,1137.7434447012697
1115.45266508592,2188.2626906555306,1137.159639792107
1105.4414378072047,2182.1616843624897,1131.4648937689376
1103.8041550943199,2182.1616843624897,1124.6617107179056
1093.2068540177759,2177.9560998015804,1123.3137468711107
1091.2003707371423,2174.4504163367965,1118.2951446071945
1087.1440127782298,2157.151436477862,1114.1114950185738
1082.3273752230455,2151.4306250946925,1106.929284668268
1078.9848711104944,2149.4012597187057,1102.8399746358853
1074.6745615232117,2149.4012597187057,1101.7816574736958
1074.482942533602,2104.8857263724763,1097.010170412667
1073.0408938532992,2092.851465177477,1095.098575992011
1069.8770326746883,2092.851465177477,1094.4510153772137
1067.5285272294543,2086.47015150012,1094.447333744859
1066.20021937415,2086.47015150012,1094.1908372190455
1064.203018088053,2086.47015150012,1090.0435559525076
1063.56424570782,2086.47015150012,1087.8918602135284
1061.8178552509873,2058.604852084775,1087.7239015852906
1061.4668419190566,2058.604852084775,1086.303527606335
1060.6403725689147,2058.437284004736,1086.1295275471437
1057.2524796648054,2057.390613897919,1084.579618379712
1052.7185239341343,2057.390613897919,1080.1312525905407
1048.2000100603432,2057.390613897919,1076.1814611229076
1045.7343028449682,2056.327527482007,1072.898939005185
1045.153031810721,2040.8768179497972,1071.0096008104501
1039.134028847369,2033.742958891924,1069.7635653587463
1034.7346876786878,2032.7430101466139,1067.7628416360621
1028.2157093869162,2029.8580679406755,1067.343827562339
1024.5019913426167,2029.8580679406755,1064.5667228128457
1012.7162316958636,2016.2708032337898,1062.476858115313
1008.7119681723882,2014.7342921761515,1062.1335971113933
1002.3297487164298,2010.198447381686,1060.2914425292743
994.3341273502313,2005.5933292141956,1055.1796495065457
994.1679413533968,2003.9181028687162,1052.47596848487
988.9098707226021,1988.3265971533506,1051.6974324488583
986.9609423510043,1975.74429125612,1050.5939254162536
983.5880072490942,1969.8012006717295,1048.5439249440785
982.359209611388,1917.4224002013987,1046.4927977495968
979.6086200595261,1915.763230993892,1045.522773615144
976.2386663070998,1904.3339783508359,1028.4573093507447
975.9525865358519,1878.7127354218144,1023.3664743852198
975.5171459015517,1856.5872215378447,1019.0086429022986
973.8761187092111,1847.1659792371727,1016.2144096488762
972.6119825327005,1819.420629976318,1008.5637292439209
972.010184666338,1814.4985665897154,1004.2845276996231
971.6988104665345,1807.366049572872,1003.1900511960641
969.6677055322996,1772.1880271467749,1002.2609219358707
962.7764144817426,1732.500295538919,992.127466642742
956.6346222155449,1732.500295538919,991.5441735773617
956.4470114250446,1732.500295538919,991.4606748024974
954.9811644884152,1732.500295538919,990.8375497595828
954.452909439063,1726.3800772661496,989.0506332951625
953.2155632826789,1726.3800772661496,987.9975206154274
953.0279068359599,1726.3800772661496,986.150783192527
952.3504565999926,1726.3800772661496,980.5290531907847
951.1543422416413,1726.0325935887952,978.4021392726214
950.7695461061363,1707.5835839923216,976.2314874252285
949.469568694095,1707.5835839923216,965.8655040250615
948.9958742512538,1669.0470506216868,965.5307770436166
947.9471053181675,1656.0766750662424,963.070226023133
947.7673998255389,1656.0766750662424,961.6710020755851
945.1444711860356,1649.1157154611653,959.5911690243371
944.1975191637564,1648.8216024923906,956.0643266533756
943.8600634925448,1636.6326161317188,955.6806512333303
943.1946349338343,1630.0279803459223,955.4637310960009
942.5600810685435,1630.0279803459223,954.2870671380415
941.7661536416517,1627.3223892332255,953.2900532078587
940.9407807115247,1627.3223892332255,953.1856038716248
940.3366005278324,1622.958014937384,951.1426387337631
939.7373804318025,1622.958014937384,947.3996432989895
937.5901505748058,1613.7500946285763,938.2187979645811
936.9017205803132,1591.9361780135282,935.9921802991512
935.7085192084418,1591.9361780135282,933.9653140417952
935.1649040010782,1575.688745019409,933.8575171548785
934.8628148430632,1575.688745019409,929.6750441045399
933.5994816385219,1575.688745019409,929.3328258210022
932.5895247347671,1574.4800881957117,929.0653639778193
932.0954390571363,1568.5162213585106,928.502658082647
931.7442856503749,1567.7900266770507,927.1251825242856
930.8217797999059,1567.7900266770507,926.5716678854548
930.6278200078416,1567.7900266770507,925.7968845155465
930.4940656597755,1566.405092299982,919.2291090005785
929.300549297515,1561.9549343974827,918.3612425988009
928.8372681380318,1557.1346700890658,912.7080967418381
928.3578279326063,1557.1346700890658,912.0709162000323
927.8469913193655,1557.1346700890658,911.6215492661995
927.4864665439843,1543.786887339163,906.7447458320912
926.2108465435289,1506.172831551214,906.3388925410649
925.4409656304111,1475.341489269258,905.7058610304982
924.7085335613789,1460.596898583292,904.9117301825556
924.2278667254102,1459.488844901362,902.9785538570492
924.0798208289823,1446.82668327985,901.4465401040276
