pso,hgapso,logapso
127491277600.97871,57171902449.59581,127490488364.18217
127491277600.97871,24030640407.69337,127490488364.18217
127491277600.97871,9543838317.91306,127490488364.18217
127491277600.97871,3795525489.540324,127490488364.18217
127491277600.97871,1847191122.8140457,127490488364.18217
127491277600.97871,885848712.8904827,127490488364.18217
127491277600.97871,420686641.92105067,127490488364.18217
127491277600.97871,227298563.3622272,127490488364.18217
127491277600.97871,110221457.48186132,127490488364.18217
127491277600.97871,71757631.5224792,127490488364.18217
127491277600.97871,58478661.19615855,127490488364.18217
127491277600.97871,50543269.35848608,127490488364.18217
127491277600.97871,43212382.12953814,127490488364.18217
124256168088.7609,34472926.89760614,127490488364.18217
124256168088.7609,31299944.44229843,127490488364.18217
124256168088.7609,29537294.639129974,127490488364.18217
124256168088.7609,29110980.510210745,127490488364.18217
118441698228.0488,28391583.00599143,127490488364.18217
118441698228.0488,27957926.827188384,127490488364.18217
118087020736.66646,27812916.756945036,127490488364.18217
111170732976.48225,27800853.806625925,127490488364.18217
111170732976.48225,27800853.806625925,127490488364.18217
109558615135.00894,27800853.806625925,127490488364.18217
104981310549.43033,27800853.806625925,127490488364.18217
104981310549.43033,27800853.806625925,127490488364.18217
103839481114.1778,27800853.806625925,127490488364.18217
102129886671.78256,27796948.101942785,127490488364.18217
97407230369.92615,27796948.101942785,127490488364.18217
95912638237.78035,27796948.101942785,127490488364.18217
95742137649.70708,27796948.101942785,127490488364.18217
95455514408.45137,27796948.101942785,127490488364.18217
94633600305.02654,27796948.101942785,127490488364.18217
94633600305.02654,27796948.101942785,127490488364.18217
87672190767.28784,27796948.101942785,127490488364.18217
87672190767.28784,27796948.101942785,127490488364.18217
84150272794.26218,27796948.101942785,127490488364.18217
80826912312.6131,27796948.101942785,127490488364.18217
79883036683.28677,27796948.101942785,127490488364.18217
79778379374.44171,27796948.101942785,127490488364.18217
78694132423.65276,27796948.101942785,127490488364.18217
72586213178.72762,27796948.101942785,127490488364.18217
70249254445.62184,27796948.101942785,127490488364.18217
67034420528.087585,27796948.101942785,126197887565.74478
63625754919.549965,27796948.101942785,126197887565.74478
60226475329.61035,27796948.101942785,126197887565.74478
58733731758.75474,27796948.101942785,126197887565.74478
56334817209.8859,27796948.101942785,126197887565.74478
54930712092.991135,27796948.101942785,126197887565.74478
49629089344.32053,27796948.101942785,126197887565.74478
46994222688.60124,27796948.101942785,125459821252.33174
46994222688.60124,27796948.101942785,125459821252.33174
46337923207.50281,27796948.101942785,125150440653.41953
42036554378.47618,27796948.101942785,125150440653.41953
41354107682.81274,27796948.101942785,124882863531.79033
41294493866.45229,27796948.101942785,124779548862.3603
39476518648.13124,27796948.101942785,123211453101.49602
37294662291.405716,27796948.101942785,122988961969.34634
35961428779.13389,27796948.101942785,122749785716.25029
35158795161.2714,27796948.101942785,122454211318.12602
34510015801.62413,27796948.101942785,121827488095.3553
32046634310.480873,27796948.101942785,121746330807.10735
31619526141.753796,27796948.101942785,121691028249.1877
29907873508.708862,27796948.101942785,121687088506.05522
28175142082.825085,27796948.101942785,121663779232.45312
26870275229.020172,27796948.101942785,121646164168.07353
25720486637.838684,27796948.101942785,121556405260.65161
24903318830.732605,27796948.101942785,121425049518.54851
23177216909.920433,27796948.101942785,121167544399.45976
22324095394.131866,27796948.101942785,120891488999.34663
21680799009.096798,27796948.101942785,120708013266.00383
21357641457.75807,27796948.101942785,120584109549.39497
20421848452.93297,27796948.101942785,120342758531.70798
19250810763.660282,27796948.101942785,120171772729.56909
18448032703.577442,27796948.101942785,119875740844.99573
17770063179.865986,27796948.101942785,119788195131.91765
17217400116.1821,27796948.101942785,119678569840.9395
16470807685.565674,27796948.101942785,119600448220.7587
15624346875.589283,27796948.101942785,119469139711.12021
15181142576.651611,27796948.101942785,119318319394.5347
14797513804.483236,27796948.101942785,119187214884.87671
14304850056.645206,27796948.101942785,119071678034.17085
13514011875.044584,27796948.101942785,118988894269.44356
13221156952.34206,27796948.101942785,118929295297.02283
12185896528.414639,27796948.101942785,118820392942.10107
11730052799.700256,27796948.101942785,118742114819.00912
11060317722.68035,27796948.101942785,118685624531.03462
11008217809.713863,27796948.101942785,118600175275.2738
10458736582.34054,27796948.101942785,118570515560.70879
9809532815.905739,27796948.101942785,118548965811.71167
9223422574.418201,27796948.101942785,118458830582.37361
9066429756.685543,27796948.101942785,118193113181.3563
8681612874.930557,27796948.101942785,117910382848.37906
8558862104.735354,27796948.101942785,117595223827.65779
8187630021.800221,27796948.101942785,117370716993.66826
7953872369.739759,27796948.101942785,117210768199.14543
7555909201.607821,27796948.101942785,117096778712.47537
7510507980.293531,27796948.101942785,117015390061.85904
7295496889.153677,27796948.101942785,116900523569.78125
6958521341.699785,27796948.101942785,116729172971.11624
6734615494.273474,27796948.101942785,116606291337.69727
6236982855.292861,27796948.101942785,116456708625.44766
5900712016.338577,27796948.101942785,116349901146.8477
5818569993.975271,27796948.101942785,114102816923.85886
5666330346.581034,27796948.101942785,114016513680.24503
5235460963.237719,27796948.101942785,113902760255.56519
5030662962.583895,27796948.101942785,113769178340.58208
4887374446.936575,27796948.101942785,113673777398.97685
4746160695.36067,27796948.101942785,113474226668.17917
4570169296.486882,27796948.101942785,112811615783.11172
4397959285.965831,27796948.101942785,112640054820.68607
4260267724.1223426,27796948.101942785,112516533207.38428
4087186146.8443236,27796948.101942785,112427282465.45491
3948070837.149095,27796948.101942785,111553478620.10576
3803803758.5108175,27796948.101942785,111465429732.34952
3680695881.013439,27796948.101942785,111105213130.25333
3622459298.0770864,27796948.101942785,111010096363.27592
3461250605.414364,27796948.101942785,110976819546.38882
3288999776.41332,27796948.101942785,110838722845.44736
3138022117.8610835,27796948.101942785,110590204393.11496
3002216144.5565567,27796948.101942785,110465289716.48051
2931963769.5374236,27796948.101942785,110375227013.99968
2747156668.888734,27796948.101942785,110234067946.98555
2653186181.1921206,27796948.101942785,109849143876.33386
2617698569.924991,27796948.101942785,109815017471.32617
2556181314.613959,27796948.101942785,109790200258.44542
2398956616.086754,27796948.101942785,109643282612.30191
2373644941.753707,27796948.101942785,109238651497.24176
2355339661.6310115,27796948.101942785,108986909756.17159
2250484890.831032,27796948.101942785,108785865354.94963
2157877218.118619,27796948.101942785,108662645124.46643
2072386396.7118611,27796948.101942785,108529039358.16418
1944826341.0349727,27796948.101942785,108290930494.28407
1913508440.2883523,27796948.101942785,108189369817.72374
1855434569.9752781,27796948.101942785,107547017225.21425
1840403893.762858,27796948.101942785,107480568526.31651
1793020919.5297303,27796948.101942785,107435603914.57715
1707264287.0634072,27796948.101942785,107404863753.12277
1666900106.7510386,27796948.101942785,107176005786.12556
1586803690.479054,27796948.101942785,106917584553.30286
1530572142.1823528,27796948.101942785,106799744578.16418
1457015839.8517623,27796948.101942785,106717039760.5306
1412997903.3119726,27796948.101942785,106632961164.19974
1369063482.922708,27796948.101942785,106573211210.65712
1316680210.4033456,27796948.101942785,104597600651.31563
1289634456.1036248,27796948.101942785,104576082607.49619
1259868347.581924,27796948.101942785,104564656548.17107
1218467691.2372284,27796948.101942785,104556332736.84563
1180891554.0334952,27796948.101942785,104432809795.76195
1154628739.6982448,27796948.101942785,104316151083.26912
1101153064.3910904,27796948.101942785,103621716067.29074
1068448557.8822864,27796948.101942785,103619363028.82083
1017061966.9064472,27796948.101942785,103105245865.09526
1000971482.9664892,27796948.101942785,102598396085.66232
958392362.4415848,27796948.101942785,102448985258.15018
935843160.5447592,27796948.101942785,101950890382.1843
891849765.5589075,27796948.101942785,101796227644.35074
860450803.9912958,27796948.101942785,101685200282.18484
838703575.0106955,27796948.101942785,100761733745.99698
820083790.503277,27796948.101942785,100650354222.30852
802499002.9449297,27796948.101942785,100199966399.20285
752880864.9178889,27796948.101942785,97638004691.42221
724495259.7645382,27796948.101942785,96886157850.11282
699581633.0751005,27796948.101942785,96695770520.97237
677748742.937933,27796948.101942785,95297809650.2589
666128961.3134558,27796948.101942785,93930419332.45091
628234019.7742943,27796948.101942785,93901928762.27597
608370864.7277724,27796948.101942785,93864291404.41609
595752803.1088645,27796948.101942785,93831535781.46866
580378159.3170879,27796948.101942785,93762386497.5183
567702805.2955041,27796948.101942785,93472149855.1242
559265696.871189,27796948.101942785,93327920094.30405
538481093.4797686,27796948.101942785,92828239473.10336
525206068.5122526,27796948.101942785,92809885916.04424
517697190.38097954,27796948.101942785,92796590075.93474
500931800.1671215,27796948.101942785,92786939282.57108
491579105.8565732,27796948.101942785,92779924102.49184
483778691.4770366,27796948.101942785,92774819321.04854
475458227.8053845,27796948.101942785,92732945926.40327
466159994.3602749,27796948.101942785,92721472296.93298
450725025.333611,27796948.101942785,92719497642.88739
435771794.75932026,27796948.101942785,92530635019.62012
419329761.7507764,27796948.101942785,92370839146.9737
404132462.4938501,27796948.101942785,92228592104.44292
388014311.4451322,27796948.101942785,92133665352.09378
380900331.58473635,27796948.101942785,91676633307.4732
371867842.93348217,27796948.101942785,91448518631.5776
362566635.71262866,27796948.101942785,91175431309.72693
352451067.9568463,27796948.101942785,91041329157.0043
341849341.3204222,27796948.101942785,90912100520.00583
335331801.0974871,27796948.101942785,90438567062.517
326200836.86140966,27796948.101942785,90208215914.92905
318564996.7214235,27796948.101942785,89907776837.4733
314687382.2804116,27796948.101942785,89672438003.74374
304700415.45259017,27796948.101942785,89470319224.44824
299052158.11029375,27796948.101942785,89397217558.99234
290335903.15927064,27796948.101942785,88814804161.60843
285974986.08988,27796948.101942785,85494758909.13416
279461035.50243914,27796948.101942785,85189716780.75935
274863547.74883837,27796948.101942785,85080989641.35027
268566645.8803381,27796948.101942785,84038348323.1706
264299744.13146743,27796948.101942785,83872686209.22607
251149057.24617916,27796948.101942785,83783775088.76518
247515349.21765226,27796948.101942785,83719684602.1342
245574781.88991132,27796948.101942785,83586359642.82207
240417413.90973806,27796948.101942785,83390447948.56302
236647600.7418549,27796948.101942785,83044108979.99478
232457015.95627347,27796948.101942785,82896634332.63701
227777671.15436658,27796948.101942785,82682864255.35138
220243482.32503948,27796948.101942785,82569289690.21675
215282641.19592905,27796948.101942785,82259303716.86678
212967629.03071406,27796948.101942785,82050807428.34525
206772912.45484847,27796948.101942785,81940292011.5209
201481267.52331597,27796948.101942785,81879927075.18513
196273787.63538426,27796948.101942785,81782491491.69287
190386950.89956993,27796948.101942785,81696255265.30814
184044425.96395746,27796948.101942785,81639954770.89911
180382921.94600523,27796948.101942785,81486410185.39159
178989895.9989458,27796948.101942785,81294124581.52324
177611352.54178262,27796948.101942785,81163346448.92456
176213935.62627777,27796948.101942785,80806633567.12283
173280619.63724786,27796948.101942785,79854163639.17424
171559962.9294807,27796948.101942785,79778002982.76439
169171062.13662338,27796948.101942785,79484250143.23875
166062775.09438616,27796948.101942785,79309471746.42522
163218181.08257204,27796948.101942785,78589556937.57536
161158458.32524866,27796948.101942785,78443445545.46074
157444966.79459393,27796948.101942785,78238658815.89725
153613533.50926095,27796948.101942785,77969652348.01823
151266169.55739263,27796948.101942785,77482931834.01291
148279963.1127161,27796948.101942785,76985463242.58942
146098653.70563117,27796948.101942785,76759809167.50864
144137778.67913076,27796948.101942785,76279817987.85034
141478874.27620432,27796948.101942785,75787389942.13142
139582209.1373704,27796948.101942785,75599700799.6539
136879212.59660584,27796948.101942785,75536536608.72337
135576965.82426143,27796948.101942785,75179303596.65976
133690238.54683714,27796948.101942785,74737421722.8132
132319310.586766,27796948.101942785,74552009542.88406
129415649.77065608,27796948.101942785,74262601848.90962
127513754.84886153,27796948.101942785,73614285392.01717
125672884.63325512,27796948.101942785,73077680112.29147
124126535.66471739,27796948.101942785,72898733102.16896
122542379.61751032,27796948.101942785,72666532470.57584
119794831.0138218,27796948.101942785,72431145339.15112
118779608.33524048,27796948.101942785,70518253235.3106
116231907.75639506,27796948.101942785,69824226204.35336
114982946.91711941,27796948.101942785,69515496903.5588
112977764.81449516,27796948.101942785,69495144032.93867
110193088.31166768,27796948.101942785,69460695326.00967
106528922.54478024,27796948.101942785,69330629235.60757
104458584.63784312,27796948.101942785,69202822148.39928
102411864.21035832,27796948.101942785,69059103813.92456
100801500.92475845,27796948.101942785,69033746596.3886
98987450.0933871,27796948.101942785,68983253175.15706
96762403.69742785,27796948.101942785,67919721979.116135
95122547.49558628,27796948.101942785,66892633789.18831
93531973.11272162,27796948.101942785,66188586778.986534
91889199.79069693,27796948.101942785,65682244204.95156
90369541.05970307,27796948.101942785,65224171296.380516
88862506.48237072,27796948.101942785,64974732657.56749
87869670.77774498,27796948.101942785,62606039277.778915
86089413.90272649,27796948.101942785,57502636591.425514
85160472.6399799,27796948.101942785,57432090847.15265
83804672.81686772,27796948.101942785,57352668718.605446
82777610.26197028,27796948.101942785,57043534291.81437
81769853.67167574,27796948.101942785,56660746689.51345
80278613.1685732,25714474.421134703,56494298962.26194
79415171.63102701,24064379.70101469,55770421079.49825
78617874.0706635,24064379.70101469,55612115562.19304
77934308.95457561,24064379.70101469,55215112268.74126
76514422.16062474,24064379.70101469,54978161679.827354
75483526.7951942,23493356.915714752,54839935372.635414
74678705.61519438,22892631.543405037,54729737172.751205
73853109.48508193,22491569.920652993,54118433721.84963
73181267.99836758,22474688.226844557,53942070342.45839
72037480.47361545,22154101.27061662,53746540648.877625
70758680.48605844,22109325.069288112,53438985817.840675
69908137.5017174,22109325.069288112,52837419396.86073
68868031.05135801,22109325.069288112,52600857286.94607
67935623.66249752,22094167.064836085,52164768679.63775
66925288.11876085,22094167.064836085,51771533835.180664
66253214.44348328,22081832.805470537,51365117922.62599
65752969.48505229,22081832.805470537,51057669974.911705
65322125.62105087,22081832.805470537,50636215039.618774
64892466.342317976,22050178.22949065,50323891524.98102
64198487.74180476,22035503.44379006,48636042688.150696
63499569.09049384,21995619.66454809,48455011927.650856
63112045.3152851,21995619.66454809,48431169691.468094
62461566.981363095,21947363.009781558,48308435539.04123
62122962.35284525,21947363.009781558,48000752191.63668
61758186.98828562,21947363.009781558,47735986652.081665
61428100.27171458,21947363.009781558,47455657206.36792
61067351.11473513,21947363.009781558,47204162121.14955
60504960.9961917,21947363.009781558,46804178088.77641
60123029.02931672,21947363.009781558,46415934982.98511
59783433.83819298,21947363.009781558,46154466990.62014
59355737.60183053,21947363.009781558,45967768839.09657
58966224.33663292,21947363.009781558,45716109875.96004
58615489.314341664,21947363.009781558,45441239570.993
58216250.822338596,21947363.009781558,45211802666.5775
57873836.54413346,21947363.009781558,44816401095.81915
57426333.40706704,21947363.009781558,44635331309.17349
57048638.82810569,21947363.009781558,44351090339.60784
56601651.57798801,21947363.009781558,43932456647.95665
56254793.997055665,21947363.009781558,43766121711.26997
55897667.31305812,21947363.009781558,43560237170.19897
55440399.22752795,21947363.009781558,43212006461.186905
54963880.47024951,21947363.009781558,42868637067.535995
54523638.29970537,21947363.009781558,42725132826.36478
53980561.88054188,21947363.009781558,42584050022.36853
53459061.0756854,21947363.009781558,42335230816.27928
52848918.19393237,21947363.009781558,40833953864.20802
52360987.35080646,21947363.009781558,38537741440.14867
51712879.58543043,21947363.009781558,38006803458.18563
51023068.63039744,21947363.009781558,37708626367.60304
50466862.47935952,21947363.009781558,37539262018.03491
50103072.42945661,21947363.009781558,37463972899.85686
49684724.73524527,21947363.009781558,37197679570.38159
49210450.17690778,21947363.009781558,37091086238.332535
48715824.220357575,21947363.009781558,36995640911.15736
48334072.176408365,21947363.009781558,36615607139.25648
47932826.65275667,21947363.009781558,36390496663.39015
47210724.35158017,21947363.009781558,36227923864.52142
46695734.48644276,21746414.81769596,35526002536.20471
46141860.065378524,21731480.497514617,34920158243.11571
45939105.10868975,21592417.108334072,34578542256.70742
45488120.088254735,21508695.668894093,34001613109.497047
44894934.57078378,21395405.4660364,33921209906.95072
44572175.17435061,21209348.446908567,33815409104.392628
44208173.03994241,21163850.584311835,33672292449.10322
43715673.26798375,21125291.44657414,32666752446.93537
43418280.488353774,21125291.44657414,32311232669.108177
42970629.24927258,21118489.841219384,32094534811.629158
42606159.45010196,21081737.096606612,31601707098.39856
42278133.55200172,21081737.096606612,30905708754.383778
41930753.94262576,21081737.096606612,30758121659.12871
41786838.59467377,21081737.096606612,30387240738.578773
41430615.01228497,21030050.998824663,30048786089.313934
41098377.084473416,21030050.998824663,29774031915.29071
40932354.84921956,21030050.998824663,29280910382.549427
40757986.38139282,21030050.998824663,29180431739.364563
40583931.834073864,21030050.998824663,28798064341.785778
40360150.966156825,20954666.085659266,28116643308.682617
40284714.6812007,20904672.240687568,27876799837.634834
40066080.97921327,20904672.240687568,27489839341.45774
39886061.02184072,20901520.80202407,27180000723.182014
39756061.550811835,20872524.049320087,26976268148.930187
39596920.84463627,20844915.245888416,26864273417.447266
39335224.330889195,20844268.533329494,26370232873.468273
39016826.52722326,20844268.533329494,26041718274.154263
38593972.634652875,20844268.533329494,25768085957.533375
38324934.4677289,20844268.533329494,25446552591.138588
37816199.766987965,20844268.533329494,25166930797.043102
37299730.622470744,20844268.533329494,24977415454.031487
36452794.223024294,20799298.02945992,24768603635.52366
35321876.48118278,20799298.02945992,24047195546.076027
33857602.31088413,20799298.02945992,22777812224.66929
32182683.11215689,20799298.02945992,22374639604.06984
29968155.219564635,20762205.714437835,21696018585.295555
28056660.07495432,20762205.714437835,21497737959.907085
25541782.486112557,20729839.623169467,21405696068.177605
23229838.940283444,20721161.98602482,21200844527.50479
21342860.134089805,18540385.073302425,20916137805.27838
19347668.283077788,18540385.073302425,20762982030.37207
18279077.4860572,18540385.073302425,20540124724.503925
18166843.04813611,18406936.560307004,20168412243.438133
17577150.291745488,18399599.84976566,20129814499.965935
17074250.973822407,18370075.762302425,20053130098.181175
16899364.710950665,18363716.908883683,19440267381.31894
16801832.36083662,17882954.208913587,19371736715.646736
16621171.280690614,17403708.731192023,18963500522.804848
16482827.142097767,17403708.731192023,18729857083.109184
16307963.447561404,17403708.731192023,18591861159.630432
16158819.849904602,17398789.594209682,18524626565.61031
16073847.99415407,17304105.352157198,18020035656.020203
15951786.686809367,17182588.58700293,17838599774.60362
15761713.028213415,16887439.207204286,17442423579.101414
15680170.288028425,16674971.673652088,17379845639.82624
15568718.14599053,16211226.336370248,17224138243.30329
15443485.359332833,15898696.91767807,16984009820.910778
15351174.852111612,15847969.225139821,16869146773.538391
15306597.448732182,15676147.039234634,16726917467.195566
15142347.876570567,15460767.62860469,16491420602.92775
15035273.37770777,15142526.821906665,16283152641.076885
14886904.067079443,15093413.26460608,15874144146.021255
14720821.967224991,14397575.830048626,15541429519.681019
14524221.171172738,14394836.285592953,15469843479.694996
14233652.8809912,14213512.745385338,15397729202.403662
14075578.620374471,14174463.11312477,15355555120.531834
13719990.05972666,14174065.14228173,15177042322.369013
13354146.771123733,14155028.322123025,15102628512.618343
12984838.428098822,14081027.52226163,14975717565.463741
12539869.963651827,14033326.296730366,14611399794.169712
12069926.624635803,13980406.894753963,14289858855.676157
11742445.981340915,13934331.327076053,14133017613.437908
11603856.56794471,13673951.639010351,14071700642.97764
11362528.103241758,13654936.946465418,13924555897.999683
11112707.76806205,13654936.946465418,13004747908.204285
10948243.0895096,13654936.946465418,12931253530.93341
10837209.486358812,13536983.19108004,12533857695.743534
10734487.5822611,13487222.259688925,12410382703.398602
10623079.753024511,13471940.752736729,12200929108.596704
10476087.57794781,13450815.386263449,11211019595.154667
10407512.417025764,13450815.386263449,11142422049.33765
10222774.724797476,13450815.386263449,11028480136.800709
10049467.658696944,13448858.69946081,10837057674.378387
9903824.027679294,13412291.843139177,10614032305.037243
9789974.4970412,13412291.843139177,10528867004.652729
9682959.6154957,13412291.843139177,10466363246.592083
9568152.633716365,13412291.843139177,10238110323.089338
9472896.814623842,13370316.624717964,9994429385.99907
9394397.76085129,13365967.476209618,9800025693.047216
9335646.821425792,13350199.300397642,9562929722.686987
9258249.918381128,13350199.300397642,9383356841.010668
9199571.572135154,13350199.300397642,8964830012.174753
9140075.722057618,13339102.109642014,8854901752.286053
9042012.640433308,13337955.63216808,8531725098.245153
8960836.86677921,13328095.224204589,8340667839.515062
8842683.839009413,13317373.904198524,8232702323.830607
8806864.907795217,12076704.68103448,7797874640.965955
8705294.620574804,12069873.644679796,7787978194.947813
8609654.081877073,11461539.584566858,7436836882.954638
8464294.449821932,11459822.405592667,7246862324.970004
8284176.731895241,11404754.19845793,7073722642.027903
8162898.808899673,11396727.014033388,6847849067.929685
8110457.140325015,10969245.853142692,6588296578.000712
8075087.792493154,10969245.853142692,6448079038.374609
7968954.716702847,10952314.352884464,6245083146.387113
7891142.580636333,9807812.67204401,6205246444.648752
7805474.394150361,9465599.044875685,6101474537.738736
7694921.352360725,9099341.315872818,5905284370.270892
7642194.478939707,9099341.315872818,5696321832.892755
7593914.239234345,9099341.315872818,5542025280.732588
7504043.728277221,9099341.315872818,5412240656.601134
7399435.855102396,9099341.315872818,5316819657.11064
7342691.3531578155,9092253.763733853,5252425970.674721
7247276.313544156,8963408.528881965,5047719998.791267
7164639.185601818,8688998.305548053,4957579197.872828
7075428.994745165,8361847.939285165,4834469778.586266
6867460.01202299,8147126.129023621,4692928117.996984
6670597.495175342,8036374.8115990665,4584334700.878754
6508605.556310422,7852550.326930074,4544044931.975844
6325761.737963742,7515655.77033628,4437542218.918566
5921832.896173145,7249050.718585585,4381550434.247901
5612229.237546184,6920068.030445905,4234985113.5824747
5457430.366187183,6695122.658954173,4162741158.0503664
5278243.637855356,6478227.032871922,4099149974.5415497
5002387.425063751,6439709.436882412,3979182528.859067
4982330.133990994,6347055.855576928,3920236888.626197
4886414.866816668,6227454.941479151,3825537363.777097
4761991.314498663,6193660.467191567,3679849452.449563
4755501.018794264,6168182.841426946,3554923887.140335
4709289.96335961,6054991.113366497,3527670894.6058493
4511756.3803682905,6023522.749025749,3471143487.5698366
4423994.553692417,6016083.303550203,3435772418.9487424
4410915.150047627,5586470.97354841,3358642076.882115
4383550.319513348,5576561.347490643,3262065496.879535
4308866.690204021,5361521.205204585,3053970473.758567
4289726.136678141,5338366.4721677285,3001260610.9828835
4221916.070303621,5246978.941923222,2971362564.167224
4160172.245176032,5178351.640092149,2885179239.453757
4102722.0299268058,5101594.135339376,2830394079.719841
4040758.3325786116,5080611.512082076,2779353219.1090417
3999248.189664767,5072192.117206484,2724921095.043973
3957319.9897602657,5069351.617066929,2680235829.2736635
3877131.204535237,4981918.676701656,2578992421.182521
3821524.058328534,4867606.6706061065,2551283337.8601213
3733033.0184844607,4816417.025279519,2440141667.485757
3667784.9555607014,4764646.896719097,2409481696.8807387
3585097.9625375518,4697049.594946153,2354811438.6398587
3514679.5263021947,4675086.137991738,2305292721.907805
3462800.1544998577,4570064.239229807,2275766111.454674
3432202.9565832047,4502471.342139219,2199347906.2663465
3385055.064131736,4502308.3243610095,2122734831.4983966
3365149.3668759875,4472975.67370976,2000305751.6213539
3337889.7538674297,4444062.831475892,1952836248.4167461
3313792.933524195,4197286.495433157,1892548716.6950593
3294225.937006077,3791760.805928671,1836645605.2428603
3258707.207211203,3751604.451305414,1778407988.8307834
3230505.131297804,3451419.88352877,1757157391.6212857
3178115.359536533,3437675.2489344156,1741446936.4348938
3125862.22811322,3317090.274186501,1709257293.2308106
3058958.8475837177,3268521.861637303,1671676017.3681815
2991700.255249781,3224325.385059809,1614004019.5667496
2918088.51739763,3215290.2946325196,1582305316.9586792
2838421.301988342,3178346.58022521,1544742478.8327298
2737994.453185427,3144186.6491697594,1508607741.4178061
2652221.225026586,3127212.5006544935,1468649663.4730392
2573148.0317926044,3118312.1761286603,1442880273.6387582
2516410.5701721637,3118312.1761286603,1410844743.8927853
2465560.5272227484,3105797.9105001176,1375178902.5285075
2429566.150672241,3050505.760870278,1363588128.033295
2403697.0009858543,3047040.3776559406,1335189028.4110723
2362610.010650241,3024177.642459064,1300010080.202686
2327365.4047140833,3008820.8468595617,1237606693.8372746
2292723.3659238983,2999558.784267377,1214844877.444383
2236782.798662491,2850989.9016292146,1208185560.5874407
2210577.0095134894,2842344.266617098,1175868141.0168698
2133571.959907862,2842344.266617098,1162253943.7363315
1979425.5650397646,2837911.8875767314,1132506179.6864514
