pso,hgapso,logapso
31010.08250401984,31252.80339131642,31112.152803899044
23871.25207294278,27474.392103193746,26767.30548806517
17556.289875046656,22232.749236329073,15621.48476223912
9049.687753429647,15620.931046051575,11607.832320146215
2068.2125004306363,6026.294724131188,-2852.48073193849
-6820.5518781569335,-7889.832382689443,-16269.303799752259
-15936.894386881777,-26519.903359349428,-32739.909375984502
-33989.2025140262,-67808.93230417206,-58181.707049062265
-52667.51446802587,-102420.18035161393,-89264.91469572291
-76138.72592063618,-129809.44513375983,-135494.49774068268
-130812.1924924633,-177210.17507156578,-173124.99788242337
-184837.15252825746,-296578.21535250434,-288497.8935043153
-278448.65442957485,-426717.0604079591,-376297.9571259101
-391100.3461384723,-569663.5554992873,-481375.7487050102
-464902.3996506689,-855133.6603138393,-840747.3606875319
-682278.9873725998,-1393663.8323122999,-1308904.4187204365
-979433.0034881386,-2353522.6805913053,-1990791.9613832813
-1365662.3854992434,-4212473.306632852,-3078995.399776517
-1854311.2777525247,-7211799.824166174,-5151464.82379484
-2451708.678011944,-11088224.342054289,-8848035.417053146
-3440747.7422416797,-20057400.80907257,-13326793.766241582
-5133345.851905009,-33693505.80412264,-21268711.575904675
-7179900.992663719,-54205639.67976266,-34785268.13625575
-10054311.528455723,-95365985.6415386,-50703153.47696881
-13640730.179666793,-154757560.68858367,-75611958.43563119
-20953113.212351292,-432198935.2852315,-116150806.70242389
-28328089.858278304,-700296258.5036019,-206871456.2345864
-43473385.02014877,-1349854460.1865096,-356421516.78304935
-66710201.62867401,-2224012275.235907,-601548211.0377989
-109482658.13405725,-3528621996.3002534,-963021699.4632647
-166255779.28948927,-6348572766.534171,-1499313001.3367448
-238812057.3643853,-11827210419.168434,-2768398992.6093507
-446961854.6531555,-23467752946.157913,-4743871626.614478
-735367436.572876,-40648891889.74695,-7476245641.096591
-1150406413.6048622,-78346197382.78258,-13045644597.943014
-1889468807.0006766,-171767124597.21695,-20631442897.823414
-2974306536.7437553,-358347867280.23425,-32152973643.998547
-4915244737.930136,-707237328983.5443,-54510405078.47218
-7808984255.93616,-1220516599481.0505,-84636139261.37355
-13581099815.23692,-2119788784881.1633,-129427411013.07816
-21886446517.92288,-4399282309120.236,-181902986361.29532
-37457583529.13244,-6302352782444.178,-343101511248.2592
-63245273865.17305,-12570240638856.965,-609296630225.9347
-107325586940.2261,-19642801590191.254,-1035602663745.768
-176527039864.75974,-39835009783192.14,-1573545158858.2544
-276377953111.249,-75863230122390.25,-2782492104989.1455
-452212220385.91034,-103760982999026.34,-4534951655605.932
-720898924915.1602,-194072370321356.06,-8310486977267.003
-1248592374039.0664,-353323721752840.06,-13258674957887.848
-2083344328450.4805,-597614330493498.0,-22546184525036.08
-3331669989348.4277,-1119883560828947.8,-37457269784772.61
-5522056702615.842,-2042430658837522.8,-68067158427393.19
-8806738692029.338,-4020425453561168.0,-117718991823097.12
-13997092759964.215,-1.0285607769505124e+16,-177898150463874.28
-22104217458754.805,-1.8837156702391856e+16,-303418178312341.4
-36102302755404.375,-2.5403392946252644e+16,-499044878513084.7
-60042777747080.1,-5.5439698186656056e+16,-819727495643342.8
-103334347419985.4,-1.121576545741213e+17,-1494504386097419.2
-172293794510715.1,-2.0380227584404176e+17,-2407261663729710.0
-306658234209564.7,-3.869825893013774e+17,-4122256377476965.0
-504535543033608.4,-5.570451114543763e+17,-6501637720158038.0
-878990231693022.2,-1.2256062050658048e+18,-9884054326049954.0
-1399534829863927.5,-2.314562316583469e+18,-1.6378146349555004e+16
-2220337232314819.2,-3.5656653619402824e+18,-2.648608749644025e+16
-3578643044685529.0,-6.626350183143332e+18,-4.341658058143741e+16
-5563274443485401.0,-1.026848829183705e+19,-7.034931428574208e+16
-8310337941740525.0,-1.6120887123851244e+19,-1.0958733022537885e+17
-1.27452360483523e+16,-2.576822943100624e+19,-1.907605892841124e+17
-2.0944898913594068e+16,-5.8009016046751465e+19,-2.947490235808e+17
-3.5416120614266156e+16,-9.711687259990968e+19,-4.6160433951804794e+17
-6.0041564093338216e+16,-1.7286346097211566e+20,-7.940625631460159e+17
-9.144214124311984e+16,-4.482437107161491e+20,-1.20580476096366e+18
-1.494752431169877e+17,-8.088238584427656e+20,-2.054181677203097e+18
-2.2929950067176864e+17,-1.4532557430400934e+21,-3.8109737320091607e+18
-4.037418076408869e+17,-2.581519745708066e+21,-6.155275318084255e+18
-7.636415393934436e+17,-4.592735912996756e+21,-1.0552487969828809e+19
-1.2860092977145283e+18,-7.610184210340739e+21,-1.8210325265275466e+19
-2.2872005198633743e+18,-1.6793177661313921e+22,-2.842248170210514e+19
-3.8044214150496256e+18,-3.3634694807779134e+22,-4.3522265044276126e+19
-5.971802672011631e+18,-6.1862265174341735e+22,-6.6761628743392035e+19
-9.267791763438123e+18,-9.673308240409257e+22,-1.130701459843692e+20
-1.547728227805358e+19,-1.893755341470951e+23,-1.6702679308326987e+20
-2.5594971106943234e+19,-3.8944278755954294e+23,-2.7535183042627863e+20
-4.4879489244897804e+19,-7.360866633946869e+23,-4.377378992924837e+20
-6.936594244374176e+19,-1.3496537775177286e+24,-7.184792809161918e+20
-1.134960351301652e+20,-2.2601884149929073e+24,-1.2710863236847792e+21
-1.91986234188625e+20,-3.7073503844447885e+24,-1.9889275841395845e+21
-2.920180647724648e+20,-6.538981061540396e+24,-3.480944114347506e+21
-5.2973538061556593e+20,-1.132704581052513e+25,-5.689916825877544e+21
-8.959661673620415e+20,-1.7762231819501555e+25,-8.700543514745343e+21
-1.5290060546117222e+21,-3.410481744650856e+25,-1.361725397522783e+22
-2.512446591444275e+21,-7.228075349352058e+25,-2.219547968670483e+22
-3.8975937312172734e+21,-9.671202833296498e+25,-3.965034177087322e+22
-6.389746819678863e+21,-1.6493745191733482e+26,-7.207179570984896e+22
-1.0361511204855956e+22,-2.5674436375550867e+26,-1.2094877483843029e+23
-1.9598770670178044e+22,-5.643688124594999e+26,-2.093210433569198e+23
-3.3599252392924085e+22,-9.818321207584107e+26,-3.599496197277882e+23
-5.86549119752731e+22,-1.7119830295350736e+27,-5.665967882894554e+23
-9.625921338492137e+22,-2.498358327419748e+27,-8.859856278096516e+23
-1.574641898898699e+23,-6.559825434525147e+27,-1.4122890438960945e+24
-2.6004478652453122e+23,-1.1907346245364312e+28,-2.3543408684164637e+24
-3.948318429629312e+23,-2.1448142540821023e+28,-3.512691531180756e+24
-5.916786432717355e+23,-3.2996763854690885e+28,-6.165203431533134e+24
-9.596228009932264e+23,-5.334357416557999e+28,-9.995929326719595e+24
-1.5174466961607098e+24,-1.0992063113325444e+29,-1.6705564393993388e+25
-2.466650066351352e+24,-1.9483155054850927e+29,-2.878688300945346e+25
-4.245521277521292e+24,-3.8857222078858984e+29,-4.728608657807351e+25
-7.443886936671116e+24,-7.403569447522782e+29,-7.461567267501577e+25
-1.196305519462077e+25,-1.444879972316448e+30,-1.2536002307776321e+26
-1.8647915075243436e+25,-2.1101109186712646e+30,-2.0813226114307067e+26
-3.0743056943679835e+25,-3.8486755258289446e+30,-3.346488608664192e+26
-5.063004574590155e+25,-9.187084315990211e+30,-5.9247263265923805e+26
-9.012891366844503e+25,-1.4665553358593972e+31,-9.250747523015997e+26
-1.4368633079029272e+26,-2.4696874927210005e+31,-1.837156049574417e+27
-2.379856623707199e+26,-4.008215544942022e+31,-2.973437178886492e+27
-4.192020384992934e+26,-7.257381518681103e+31,-4.6254014116877143e+27
-6.818217988192136e+26,-1.3442296010068927e+32,-7.520482993331028e+27
-1.0943172444969723e+27,-2.853053385202077e+32,-1.147678791417042e+28
-1.94741822366031e+27,-5.98255355159473e+32,-1.7360613384556898e+28
-3.1485840372199964e+27,-9.669585794279666e+32,-2.968211908920591e+28
-5.415452766495601e+27,-1.878065212570392e+33,-4.637687909215723e+28
-8.497358897012016e+27,-4.2936201565144735e+33,-8.060547433502608e+28
-1.2874597321574411e+28,-7.77801162830204e+33,-1.2951875324308392e+29
-2.1388852003600105e+28,-1.3896934339746657e+34,-2.128753143169563e+29
-3.6774120008429916e+28,-2.1863993292954766e+34,-3.1571232804604997e+29
-5.898328251949173e+28,-3.897583685731264e+34,-4.8827475753680715e+29
-9.52035423876282e+28,-7.241707231729749e+34,-7.861821493702074e+29
-1.4944467414872578e+29,-1.1357565197764868e+35,-1.1646053448309896e+30
-2.356427729611004e+29,-1.9722300195009035e+35,-1.9935269107797225e+30
-3.918385169452077e+29,-3.5055520981221385e+35,-3.031341625279035e+30
-6.51622337073823e+29,-6.194061181633682e+35,-6.505304381388912e+30
-1.1229710216654443e+30,-8.83387320571072e+35,-1.0365739882783977e+31
-1.860761467473599e+30,-1.5814604528838142e+36,-1.7236103237246524e+31
-3.177914522799837e+30,-2.9695788961433316e+36,-2.9203732165926745e+31
-5.162742672635357e+30,-5.2903909745836755e+36,-4.734146473653794e+31
-8.223134046100822e+30,-1.1053631294312753e+37,-7.696775580822338e+31
-1.3085649969739065e+31,-1.9660180023757165e+37,-1.2360155915384967e+32
-2.1924482165429377e+31,-3.3595885670939838e+37,-1.957700489940021e+32
-3.4948842952596556e+31,-6.241550476535346e+37,-2.8520657471522994e+32
-5.562583567272379e+31,-1.086132741192968e+38,-4.512602911778562e+32
-8.89199631818116e+31,-2.2885057729126346e+38,-7.613336663209722e+32
-1.4599077098577577e+32,-3.884556869670127e+38,-1.2475249427883162e+33
-2.40637675564023e+32,-7.308331837134858e+38,-2.0244144506055532e+33
-3.9928216507149135e+32,-1.1412935701124357e+39,-3.239673357725118e+33
-6.632026141208124e+32,-1.8861040505165422e+39,-5.627592947354987e+33
-1.0522433206776456e+33,-3.545083268962772e+39,-9.61973863746076e+33
-1.702772769393031e+33,-6.019162128211651e+39,-1.5819684954439095e+34
-2.7161548194269976e+33,-8.629589462044013e+39,-2.6405203031964445e+34
-4.32607922726041e+33,-2.1757609757222578e+40,-4.3121136309060795e+34
-7.419219068211273e+33,-5.070631486405708e+40,-7.996707266127192e+34
-1.2898713730004682e+34,-9.31843339245349e+40,-1.384212429860015e+35
-2.0479048803128708e+34,-1.4829682570469834e+41,-2.255355508698025e+35
-3.149172875503181e+34,-2.563786251309609e+41,-3.64204581187406e+35
-5.130920242817135e+34,-5.007922281909986e+41,-5.90314180515945e+35
-8.319638578845878e+34,-1.0533861096980168e+42,-8.787170613756984e+35
-1.3203710204041726e+35,-2.0840820794876498e+42,-1.5472696648552312e+36
-2.194447133474794e+35,-3.50656047202175e+42,-3.203280923074129e+36
-3.7063971442172434e+35,-6.272564891255654e+42,-5.066855901518332e+36
-5.859815794441744e+35,-1.0498948947613391e+43,-8.73446803644713e+36
-9.840144724577296e+35,-2.2151718965065424e+43,-1.3338289568171117e+37
-1.6521607799989086e+36,-4.110143570882686e+43,-1.983643403311413e+37
-2.64269992423342e+36,-7.177128742531477e+43,-3.188276351748277e+37
-4.4899218565691003e+36,-1.3630151602322264e+44,-5.145407952972755e+37
-7.472374113136468e+36,-2.600669790395744e+44,-8.60568664673948e+37
-1.1996712912696275e+37,-4.5182088849545076e+44,-1.3836454789298401e+38
-1.8263618096923335e+37,-7.314199308657954e+44,-2.2548347617514044e+38
-2.9807840383637115e+37,-1.4695275932388978e+45,-3.801592785699195e+38
-5.180475697046771e+37,-2.6699418461721497e+45,-7.154757509889761e+38
-8.474049713836412e+37,-4.406421542173392e+45,-1.1095812815234466e+39
-1.3909981722185585e+38,-9.382734222220882e+45,-1.7797138355300753e+39
-2.296422972727586e+38,-1.4855148736420001e+46,-2.8181617305731956e+39
-3.694355815619595e+38,-2.6286499560865135e+46,-4.763724390411313e+39
-6.321738358756682e+38,-5.216784576494032e+46,-8.575771107938722e+39
-1.0398402308945689e+39,-1.2057695603589626e+47,-1.4501164415918903e+40
-1.7569470095291238e+39,-1.969034357668593e+47,-2.2787013777854937e+40
-2.877918863356464e+39,-3.410876120373398e+47,-3.5220034154974515e+40
-4.753075310660742e+39,-5.503338042315827e+47,-4.754078535638958e+40
-7.399716825446809e+39,-9.12918553420822e+47,-7.837454701631075e+40
-1.226605297675107e+40,-1.5696401882979542e+48,-1.2434446652882156e+41
-2.0528284592806724e+40,-2.8535609671475365e+48,-1.9528310303708822e+41
-3.327857114789848e+40,-4.5650084119186724e+48,-2.8627953165635163e+41
-5.575949239094535e+40,-9.167208911156505e+48,-5.092458167747728e+41
-9.068524402311778e+40,-1.8745789435106285e+49,-8.009862530112236e+41
-1.4362123362752058e+41,-2.984009780249742e+49,-1.2831010712891556e+42
-2.3517630214440773e+41,-5.574752746771888e+49,-2.109831919577343e+42
-3.6944621820566775e+41,-9.159723194389097e+49,-3.501905518776669e+42
-6.384255596007893e+41,-1.717578770333943e+50,-5.786684653451565e+42
-1.0582040910944331e+42,-3.0771194490249975e+50,-9.861704720492726e+42
-1.7063783412880364e+42,-5.626108804094388e+50,-1.7359571719312468e+43
-2.957006346477675e+42,-9.831411310324516e+50,-2.66130677271467e+43
-4.749537681887205e+42,-1.9932046930973404e+51,-4.424405592368059e+43
-8.027095464582654e+42,-3.593484012308107e+51,-7.140251054362109e+43
-1.323557718293633e+43,-6.914282451473168e+51,-1.2651399406150401e+44
-2.026014599910227e+43,-1.202867919453421e+52,-2.2479904095659778e+44
-3.453474087992944e+43,-1.9403747868473435e+52,-4.198259631259431e+44
-5.276278993265139e+43,-4.0179020701940517e+52,-7.192777305416477e+44
-9.030538772534396e+43,-6.745869313736101e+52,-1.1267630503126713e+45
-1.4053721745276924e+44,-1.2353550064328246e+53,-1.8692967288651405e+45
-2.35711153542927e+44,-2.653945939070869e+53,-2.92551776157191e+45
-3.983565405882936e+44,-4.152770877376366e+53,-4.5813623063941416e+45
-6.4895453151142455e+44,-7.901716477584993e+53,-6.964400426903457e+45
-1.0439007325851783e+45,-1.213403530966378e+54,-1.1253594249793901e+46
-1.668517275376652e+45,-2.1945977694593473e+54,-2.1727417402021316e+46
-2.7993028528068764e+45,-4.556954700733566e+54,-3.6940600056178476e+46
-4.4040013068523794e+45,-7.876339508932092e+54,-6.304683175131561e+46
-7.14624726475212e+45,-1.1046312571470386e+55,-1.180183702506442e+47
-1.1786042790010973e+46,-2.2241385326537705e+55,-1.9342987507930017e+47
-2.0712578251338385e+46,-3.459039562185427e+55,-2.7994853891079636e+47
-3.4390550835644915e+46,-8.630452362628715e+55,-4.242003054357794e+47
-5.756005725058661e+46,-1.4930753469525609e+56,-7.172383978450348e+47
-9.28121391749086e+46,-2.926384747785344e+56,-1.2264905032641223e+48
-1.5097551329281934e+47,-5.17287097006274e+56,-1.986507391095992e+48
-2.616007053704837e+47,-1.149018500765599e+57,-3.159015642162894e+48
-4.10949785463897e+47,-1.7684908794819108e+57,-4.396507253236934e+48
-6.734830023928626e+47,-4.350313667773538e+57,-6.846021138729586e+48
-1.0794943276310583e+48,-6.923204644130284e+57,-1.207982531409716e+49
-1.7193775966283157e+48,-1.1850669419038873e+58,-2.0708211475986238e+49
-2.7487560490086857e+48,-2.0850047226633204e+58,-3.3649828524249333e+49
-4.345454390950182e+48,-4.0347128263579945e+58,-5.326892197395144e+49
-6.95496562723112e+48,-6.434310761027059e+58,-7.834055935966388e+49
-1.1612713384546731e+49,-9.529141749125754e+58,-1.195831865191263e+50
-1.9147128469803225e+49,-1.8075297942324274e+59,-1.7921163094752671e+50
-3.1824489484284085e+49,-3.0926028763952355e+59,-3.1328845519589302e+50
-4.953427941977758e+49,-5.157270525744038e+59,-5.072837123521104e+50
-7.938149113350428e+49,-9.325955527821315e+59,-8.380464374308354e+50
-1.2462566305616828e+50,-1.7545827753688918e+60,-1.29525031561301e+51
-1.919165140368998e+50,-2.951430787608723e+60,-2.1256883309744418e+51
-3.1910628264093733e+50,-4.106277066293346e+60,-3.2791599057101064e+51
-5.157481859239332e+50,-8.015334511847405e+60,-5.157561528708451e+51
-8.730102682421946e+50,-1.3926957452279301e+61,-8.89136171292829e+51
-1.3756254981602733e+51,-2.331916759441537e+61,-1.4340486916758054e+52
-2.2619639612519974e+51,-4.407889307760638e+61,-2.374137125063802e+52
-3.7272463558359224e+51,-8.788540292863304e+61,-3.709298557764451e+52
-5.683072852365183e+51,-1.5069128836184399e+62,-6.506905290429773e+52
-9.262431248157518e+51,-2.9928552142455653e+62,-1.023160931540283e+53
-1.4346435443743867e+52,-5.4523431424892e+62,-1.780140888411823e+53
-2.5500789708815253e+52,-9.315847043216604e+62,-2.9806268483190947e+53
-4.4331147720094886e+52,-1.8240411855672318e+63,-4.6894554708914776e+53
-6.954817370419294e+52,-3.4210182476407194e+63,-7.21944327489497e+53
-1.2518894450194988e+53,-6.853887765963922e+63,-1.2531881746063356e+54
-2.0417903024781407e+53,-9.853021593925074e+63,-2.1202399663373602e+54
-3.4004260799963646e+53,-1.7797132747310504e+64,-3.331137981162494e+54
-5.9137679527278225e+53,-4.0359444576635804e+64,-5.069484827393993e+54
-9.507588608773959e+53,-6.930496272998989e+64,-7.994837941290371e+54
-1.499160683761692e+54,-1.0530543595480572e+65,-1.453698223187492e+55
-2.25498930081321e+54,-1.5414953528675492e+65,-2.769202274657913e+55
-3.917933378819892e+54,-3.1380556090142545e+65,-4.419791359919892e+55
-6.736970148966819e+54,-6.28535366200076e+65,-7.227069722347284e+55
-1.1130935292847379e+55,-1.2792740542508355e+66,-1.2860502225147843e+56
-1.7792265654773073e+55,-2.5327355422643435e+66,-1.9646355034915338e+56
-2.904950354423548e+55,-4.769924377571085e+66,-3.2098418326999957e+56
-4.458531307295347e+55,-9.05917022474214e+66,-5.229445828260754e+56
-7.859668735351189e+55,-1.456852857555949e+67,-8.450713251230531e+56
-1.2137601460905666e+56,-2.4651525390135525e+67,-1.4038982332930585e+57
-2.0236332953534085e+56,-4.5029189371812516e+67,-2.1791959911380212e+57
-3.3763810805940616e+56,-7.596608404739442e+67,-3.883036679164536e+57
-5.3372691653293055e+56,-1.412672710914166e+68,-6.1231925176619315e+57
-8.905762215391314e+56,-2.86967708589946e+68,-1.1521853815219991e+58
-1.4024759614815048e+57,-4.610903995093619e+68,-2.2639333581418036e+58
-2.359347850164423e+57,-7.19260423651423e+68,-4.0332672051108557e+58
-3.783107472195353e+57,-1.168565205400062e+69,-6.246503061997172e+58
-5.8818264617007504e+57,-2.1529515802978795e+69,-1.141549878986699e+59
-1.0113684607955695e+58,-3.928986590716405e+69,-1.9429473431806544e+59
-1.615159453031975e+58,-5.595617038040543e+69,-3.173318157609764e+59
-2.8833439579851014e+58,-1.3001824812822644e+70,-5.146966481914084e+59
-4.4766994449458834e+58,-1.891837981468308e+70,-8.180656255854174e+59
-7.37572989987975e+58,-3.5776769389301604e+70,-1.244980849626654e+60
-1.1702142493928064e+59,-7.190826964764407e+70,-2.0719514055556292e+60
-2.0732583947272075e+59,-1.213055494760709e+71,-3.2508207951542484e+60
-3.4004494194746953e+59,-2.288994889033199e+71,-5.379791953894573e+60
-5.618000584240189e+59,-3.781395240019301e+71,-8.336151224831272e+60
-9.805124351510845e+59,-7.527918023136587e+71,-1.3036647673981995e+61
-1.5415833045747426e+60,-1.432868162905479e+72,-2.1859515367229667e+61
-2.6401930922628088e+60,-2.464765214213053e+72,-3.755532647156873e+61
-4.283123634587672e+60,-3.950047193815515e+72,-6.151776114567864e+61
-7.415886097461548e+60,-6.172109274564798e+72,-9.426484010289782e+61
-1.2375279317921596e+61,-1.0151765426958885e+73,-1.4477843184320135e+62
-2.1375326300947023e+61,-1.4311449035483864e+73,-2.4993451515909684e+62
-3.4290004607307593e+61,-3.46678084548165e+73,-4.261871405441491e+62
-5.337580138733387e+61,-6.651053541707202e+73,-6.757249455553762e+62
-8.514255976970739e+61,-1.184414931142301e+74,-1.1403691098191275e+63
-1.3214072305300741e+62,-1.9637443141781562e+74,-1.855885020642045e+63
-2.1662295900598614e+62,-4.3106905476818687e+74,-2.8994846305819697e+63
-3.5022460370445115e+62,-7.431305174088215e+74,-5.33296026952046e+63
-5.76003276091952e+62,-1.3526857086928371e+75,-8.847286196313425e+63
-8.903816090595792e+62,-2.5933617436106964e+75,-1.508179665577644e+64
-1.6319488819441582e+63,-4.478269449799592e+75,-2.536497417337278e+64
-2.7855609998016338e+63,-8.003891089821704e+75,-4.065855135843407e+64
-4.6850937177250404e+63,-1.3074123936254188e+76,-6.413938297853478e+64
-7.481819051900072e+63,-1.981238986123842e+76,-1.1319410679028566e+65
-1.2113383256504514e+64,-3.3886557834381854e+76,-1.9617530855600561e+65
-1.9476279643963984e+64,-5.812473417099796e+76,-3.5625554308781726e+65
-3.5173739692923616e+64,-1.1650118482737558e+77,-6.263400853896214e+65
-6.058241521143864e+64,-1.952918172107915e+77,-9.778221376923508e+65
-1.0370494201904776e+65,-4.0064619040740263e+77,-1.5991673056499782e+66
-1.7474926591566273e+65,-7.447056398006395e+77,-2.4367548181468588e+66
-2.8697095570480857e+65,-1.351842236147145e+78,-4.3549609583136226e+66
-4.863767508723964e+65,-2.259140033655668e+78,-7.659777231619287e+66
-7.55745381842869e+65,-3.4079013385401224e+78,-1.2697486016075812e+67
-1.1854687495163605e+66,-5.680415977670381e+78,-2.0101319737609475e+67
-1.9347514716127505e+66,-1.3838430546827724e+79,-3.321196583388438e+67
-3.0692177114544585e+66,-2.6339253249203018e+79,-6.320578060081438e+67
-5.097611087266444e+66,-4.7370020650890805e+79,-1.1298804708344236e+68
-8.224124120339688e+66,-8.666611073195269e+79,-1.7559207932867599e+68
-1.3751319576569748e+67,-1.512098370784229e+80,-3.183375384834539e+68
-2.1759742076607825e+67,-2.51183146467173e+80,-5.045173523767375e+68
-3.683159163968436e+67,-4.411371809455711e+80,-7.739236750119072e+68
-6.116415988075072e+67,-7.875917752883317e+80,-1.237059762912818e+69
-9.387704559681857e+67,-1.3468274992415504e+81,-2.201778947218778e+69
-1.5619683784256494e+68,-2.537492212124465e+81,-3.800214297039223e+69
-2.4679105347876606e+68,-4.199450271837888e+81,-5.916081240720521e+69
-4.1749555604757583e+68,-7.217482643547669e+81,-9.638352044292968e+69
-6.460664587053522e+68,-1.0309651388336253e+82,-1.481858855427084e+70
-1.072272783010207e+69,-2.3697266957334932e+82,-2.5486831759023065e+70
-1.7830017363708665e+69,-3.616418047994139e+82,-4.412270436708653e+70
-3.111060868047631e+69,-5.901845950872668e+82,-7.128102494726691e+70
-4.953498746513457e+69,-1.0657398809177584e+83,-1.1058248250359802e+71
-8.208272574744137e+69,-1.838393044143883e+83,-1.783181006150822e+71
-1.3472457140840622e+70,-2.64398234871216e+83,-2.973373831829643e+71
-2.3931726153629338e+70,-4.332565552160099e+83,-4.985905506566407e+71
-3.862366084506339e+70,-7.186730807317332e+83,-7.812918145745601e+71
-6.181310478387319e+70,-1.3399503001704478e+84,-1.223783353348398e+72
-1.0710653197305601e+71,-2.2472628435349828e+84,-1.8233870709469486e+72
-1.7919597998684236e+71,-4.013034116292982e+84,-2.928444240927457e+72
-2.8579738368661833e+71,-8.836796916841902e+84,-5.274143709273299e+72
-4.567336423838646e+71,-1.60576075647668e+85,-8.685339899534602e+72
-7.56676776880051e+71,-2.8298439402435905e+85,-1.46870475342634e+73
-1.3481361843242935e+72,-5.014732311742174e+85,-2.6085583171330207e+73
-2.3185672563482633e+72,-9.184596112455323e+85,-4.1740231645351184e+73
-3.794812845171341e+72,-1.6531352896729177e+86,-7.257727097056516e+73
-6.258553285868918e+72,-2.9462911255997984e+86,-1.0897407931114173e+74
-1.0300195774120465e+73,-4.0339472821067943e+86,-1.935977114906076e+74
-1.7377230174079737e+73,-6.618612006631992e+86,-3.1716239239453855e+74
-2.92102839770985e+73,-1.148035173477717e+87,-4.938695227582086e+74
-4.6961479077935225e+73,-2.2110953074362113e+87,-7.426908918941731e+74
-7.778121052788021e+73,-3.6413950112877127e+87,-1.337435391763588e+75
-1.3137131351813095e+74,-6.8966594792720015e+87,-2.20562056585756e+75
-2.1514228894330363e+74,-1.655533881024252e+88,-3.799147191374508e+75
-3.7413570505911256e+74,-2.8179237615454397e+88,-6.265646586248686e+75
-6.046325564348796e+74,-4.906638475866457e+88,-1.0914763367922936e+76
-9.4902972798218e+74,-9.102925617158168e+88,-1.954602043980779e+76
-1.6139869367369723e+75,-1.8252929903428937e+89,-3.3182713560967905e+76
-2.3502388401414937e+75,-2.8324080879035107e+89,-5.89524961398187e+76
-3.707957054508441e+75,-4.332737308122809e+89,-9.808867544927913e+76
-5.919345474662094e+75,-6.670028265732328e+89,-1.6962522458820013e+77
-9.724294477424813e+75,-1.5326267726897253e+90,-2.695838385099247e+77
-1.52770785936208e+76,-3.1831479982246144e+90,-4.920400444492019e+77
-2.4783713194368973e+76,-4.929244531564042e+90,-8.44680365549917e+77
-4.2448291710421794e+76,-8.71218268469709e+90,-1.3759455412536038e+78
-7.186505466654917e+76,-1.6855817642710266e+91,-2.1498928155566146e+78
-1.179828682649634e+77,-3.0316728672583563e+91,-3.220770829535317e+78
-1.8102736484710326e+77,-4.70238198464178e+91,-5.56320337920025e+78
-2.9616045217261967e+77,-8.536303108234166e+91,-1.0782493504770114e+79
-4.945633388853229e+77,-1.4889995370024485e+92,-1.7653957892159992e+79
-8.181015557920866e+77,-2.3222386868537742e+92,-3.0985433117511375e+79
-1.3700348731699123e+78,-4.218350753837671e+92,-4.7898352661159785e+79
-2.2203320015419186e+78,-8.637142811713348e+92,-8.010838179072505e+79
-3.8246559944581034e+78,-1.2904146007650504e+93,-1.3548895861451688e+80
-6.1219000161011595e+78,-2.988490439805743e+93,-2.0817824939680694e+80
-1.0226038245943672e+79,-4.860084354620686e+93,-3.574902429873539e+80
-1.5373904629924236e+79,-9.505890557878172e+93,-6.111981953395128e+80
-2.524013908893345e+79,-1.5190843427281447e+94,-1.0504844435595678e+81
-4.463704222223868e+79,-3.40263458478896e+94,-1.6809153427315452e+81
-7.876745100391831e+79,-6.038348335968663e+94,-2.6416940992393116e+81
-1.383424660373235e+80,-1.0579112112177983e+95,-4.492533396959576e+81
-2.4225270158259607e+80,-2.173732679258355e+95,-7.675399528279475e+81
-4.534761409138048e+80,-4.2150890410564784e+95,-1.1975411128633585e+82
-7.127945054268739e+80,-7.370357656130452e+95,-1.8778266502099133e+82
-1.3133160702898036e+81,-1.5474115955684006e+96,-3.194719110682691e+82
-2.309271956349449e+81,-2.726021543876054e+96,-4.7471704862755245e+82
-3.885847227791452e+81,-5.286336668850872e+96,-7.77610692735588e+82
-6.473457367114027e+81,-9.378080863619669e+96,-1.3027965494022827e+83
-9.682147913596139e+81,-1.424938885653806e+97,-2.0133210012639635e+83
-1.505267488350573e+82,-2.817799920105358e+97,-3.0775556210219603e+83
-2.7153266677813105e+82,-4.926565843312013e+97,-4.958533391545657e+83
-5.2303589827374664e+82,-8.07343858252194e+97,-7.634748304771015e+83
-8.338304605980876e+82,-1.4788449113962198e+98,-1.4079783429154129e+84
-1.3180610169067402e+83,-2.4132174817132114e+98,-2.4483064115336346e+84
-2.0986189505797685e+83,-5.068853949066491e+98,-3.978770239830212e+84
-3.209510783152295e+83,-8.712165914173157e+98,-6.149374541744575e+84
-5.284345592367504e+83,-1.8770329375288817e+99,-9.856502065490893e+84
-8.826481782589919e+83,-2.975262710216682e+99,-1.6972697039409817e+85
-1.5087526319481982e+84,-5.189777493044664e+99,-2.7666424357693944e+85
-2.567848851464588e+84,-9.474001152540532e+99,-4.850981743909863e+85
-4.250742081397885e+84,-1.8177735882426157e+100,-7.579623820222184e+85
-6.8343538521369594e+84,-3.1086835311136515e+100,-1.3943668953276024e+86
-1.1014942316552757e+85,-4.512977550275969e+100,-2.287372921667288e+86
-1.7075897670609663e+85,-7.135762639206875e+100,-3.4184740789226464e+86
-2.690184561349038e+85,-1.1263891102829893e+101,-6.073890922498677e+86
-4.850698126531445e+85,-2.4563681746378572e+101,-9.638206235044756e+86
-8.354246883828918e+85,-3.120877939285609e+101,-1.586594342714281e+87
-1.422769597344809e+86,-5.137094429896019e+101,-2.4086470078617384e+87
-2.504384939706871e+86,-1.5152600423496904e+102,-3.9716870123361478e+87
-3.896605698481777e+86,-2.293525831953173e+102,-6.708686052433515e+87
-6.544899577240809e+86,-5.345995651090136e+102,-1.0091566451168537e+88
-1.0680527228754064e+87,-1.030062281965874e+103,-1.9041337730956758e+88
-1.8798142832009428e+87,-1.6934941848174334e+103,-3.183312245880034e+88
-3.086097296180904e+87,-3.269022526074527e+103,-4.977065139679756e+88
-4.926627008799922e+87,-5.661311297862981e+103,-8.735828002990563e+88
-8.533997933087306e+87,-1.0461064682103368e+104,-1.3841245990160917e+89
-1.305416911949491e+88,-2.156763403318318e+104,-2.534220334763828e+89
-1.9720320306110287e+88,-3.770221453059679e+104,-3.930906903405565e+89
-3.263023432664339e+88,-8.522103328647591e+104,-6.276330570936846e+89
-5.953999148411494e+88,-1.4407074455734844e+105,-1.0570528976923207e+90
-8.977566914123796e+88,-2.8322175693528736e+105,-1.6678261919632219e+90
-1.4451903989091096e+89,-4.932443686250371e+105,-2.730159696086537e+90
-2.3668986780515972e+89,-6.984205871306813e+105,-4.212338764582257e+90
-3.8930554709406375e+89,-1.2538353864036302e+106,-6.5252148453537455e+90
-6.844393622240335e+89,-2.004262560988089e+106,-1.0098329214393698e+91
-1.2122212631721722e+90,-2.8966500470476185e+106,-1.5095132185165818e+91
-1.864623029094969e+90,-4.247032113547138e+106,-2.5000796754708145e+91
-3.4868317338223525e+90,-7.62887010287361e+106,-3.982790806162688e+91
-5.591213485150854e+90,-1.7289250130920518e+107,-8.302099131274369e+91
-9.838519947585723e+90,-2.7472463006537932e+107,-1.3288474487901727e+92
-1.6154286749057096e+91,-6.285548160373794e+107,-2.0684097231861108e+92
-2.6342275940802115e+91,-1.1071789010946575e+108,-3.4409917241249753e+92
-4.3489682709298164e+91,-1.980620430888128e+108,-5.440282606274776e+92
-7.100184494831383e+91,-2.787962344625861e+108,-9.431465279929073e+92
-1.2087376764984074e+92,-5.06829178514761e+108,-1.9199888465845085e+93
-2.0014323481058335e+92,-8.35504278177117e+108,-3.1553067023213127e+93
-3.254653096220453e+92,-1.8542241948483194e+109,-5.286712691901963e+93
-5.12631981245706e+92,-3.053780536126416e+109,-9.010073431549175e+93
-7.976410440209729e+92,-4.6773128012333525e+109,-1.511926902338768e+94
-1.4300840899388146e+93,-7.392884859166899e+109,-2.5795367824439302e+94
-2.2952900807939743e+93,-1.2081194258378839e+110,-4.175595309222931e+94
-3.8709937331567598e+93,-2.9469837356484744e+110,-6.779449856840804e+94
-6.380398700656491e+93,-5.409557520133275e+110,-1.0711751889141609e+95
-1.0534084909579645e+94,-9.429525308967726e+110,-1.8478382893850466e+95
-1.7241074263829884e+94,-1.960185195765011e+111,-3.3359841486525954e+95
-2.606194043798195e+94,-3.382922226783692e+111,-6.143035970300286e+95
-4.491775177005985e+94,-5.916377757551318e+111,-1.0538319909318118e+96
-7.366640497037329e+94,-1.1286649049999478e+112,-1.601903615323224e+96
-1.1830443391360823e+95,-2.015693094155408e+112,-2.6425548427294404e+96
-1.7999269692602923e+95,-3.4586405062777406e+112,-4.081187950478346e+96
-2.9042611618760717e+95,-6.925659400384676e+112,-7.985073670924647e+96
-4.2734805069744175e+95,-1.5280080329307885e+113,-1.2217758809140866e+97
-7.501446631868083e+95,-2.752646228281525e+113,-1.9459370866290155e+97
-1.1852121375498782e+96,-4.997223575634761e+113,-3.1194240154969153e+97
-1.8667761674024524e+96,-7.420162312330635e+113,-6.017687408821286e+97
-3.030858630592427e+96,-1.327032149970324e+114,-1.0017890746284096e+98
-5.291145199942009e+96,-2.3083614688909114e+114,-1.7102061945440203e+98
-8.235946350569723e+96,-3.748447139606014e+114,-2.873645973813655e+98
-1.344695149524701e+97,-6.92665864678537e+114,-4.644725774145759e+98
-2.1933034782072117e+97,-1.1422477368553056e+115,-6.990559859727657e+98
-3.564932763513726e+97,-2.038189866428475e+115,-1.25757186929354e+99
-5.545981970486692e+97,-3.390206135134895e+115,-2.0910481320571577e+99
-8.941794097304444e+97,-4.992119757788938e+115,-3.61289074952488e+99
-1.684299725084203e+98,-9.246806372632349e+115,-6.574401076390981e+99
-3.120428930721716e+98,-1.613937007234931e+116,-1.0298596320572038e+100
-4.995486271909729e+98,-3.0898045229157583e+116,-1.660647157771219e+100
-8.227725933751476e+98,-5.018249660416451e+116,-2.608308285304919e+100
-1.3750848376069546e+99,-8.075768635493463e+116,-4.416183977363149e+100
-2.1525827974949933e+99,-1.7343237330969756e+117,-6.596808907353695e+100
-3.206183091287864e+99,-2.8937614959265266e+117,-1.0703053286729867e+101
-5.501725708400722e+99,-5.961547584204304e+117,-1.7517750470855573e+101
-8.542869629918855e+99,-9.997955216989407e+117,-3.0238515012953977e+101
-1.4840089744810587e+100,-2.005422281663001e+118,-4.955954503040123e+101
-2.578678685099265e+100,-3.537712527269753e+118,-7.896581615361023e+101
-4.1906347305161135e+100,-5.907550624305341e+118,-1.2426400337229504e+102
-6.5187724191230285e+100,-1.1690011773032106e+119,-1.8475868209878948e+102
-9.656917628194883e+100,-2.0593953635044393e+119,-2.9244285740788005e+102
-1.72980535321934e+101,-3.789938910266791e+119,-4.598501626367723e+102
-2.8261583480186174e+101,-6.874317759441142e+119,-7.40282271739996e+102
-4.736508434561236e+101,-1.1718845113699546e+120,-1.2395909699463309e+103
-7.749452519079187e+101,-2.1158004813348368e+120,-1.911204416311927e+103
-1.4606584938967202e+102,-3.921560910309613e+120,-3.3182312617065693e+103
-2.3614148278401555e+102,-8.791931008048583e+120,-5.876458551153651e+103
-3.6195712768616893e+102,-1.4377985394472166e+121,-1.0013007411164374e+104
-5.987402834712448e+102,-2.685066766535037e+121,-1.7233625591181938e+104
-9.396154212128307e+102,-4.445593582320762e+121,-2.6956496555012253e+104
-1.476622122935215e+103,-8.28962665311247e+121,-4.6150439229411227e+104
-2.782644315989271e+103,-1.4281956219667526e+122,-7.721068212680398e+104
-4.51703443087223e+103,-2.31191028585916e+122,-1.2549674562484492e+105
-7.0686451472590894e+103,-4.676477144209929e+122,-2.2073584163300165e+105
-1.139095369501718e+104,-7.422930370438891e+122,-3.3887903842477625e+105
-1.8407469426522854e+104,-1.3990494547980552e+123,-5.798814591098517e+105
-3.040115329710498e+104,-2.853339070165746e+123,-9.889471675296187e+105
-4.878396424383058e+104,-6.822128875649462e+123,-1.67533621408647e+106
-7.15812702501327e+104,-1.1873854948432125e+124,-2.796595548249492e+106
-1.2832442715909946e+105,-1.8780728549535794e+124,-4.6412197914668894e+106
-2.1367169778556674e+105,-3.839127281495344e+124,-7.886959354270176e+106
-3.46638899750422e+105,-7.06573498438468e+124,-1.2216175633594384e+107
-6.102336699190782e+105,-1.2564951004770948e+125,-2.1435630862220728e+107
-1.0436927509159965e+106,-2.273797276569916e+125,-3.4893807348878086e+107
-1.8912257016353218e+106,-3.9477512298215815e+125,-6.137814229244913e+107
-3.1188308537912527e+106,-7.085607810162194e+125,-1.0373887337569875e+108
-5.231931945735843e+106,-9.945621697444715e+125,-1.7014997401114896e+108
-9.299402689211727e+106,-2.279461146814883e+126,-2.749460802184854e+108
-1.4743466677807745e+107,-4.164830954709765e+126,-4.6463774679770467e+108
-2.436593701779449e+107,-7.879911436319424e+126,-7.762352958822221e+108
-3.835148635699456e+107,-1.418346523095446e+127,-1.222080019778146e+109
-5.998393751006216e+107,-2.708917011530394e+127,-2.254837594237851e+109
-9.556255459997063e+107,-5.531279404184116e+127,-4.013872782482839e+109
-1.5558271498389864e+108,-1.0095689183678935e+128,-6.613439866189219e+109
-2.4504864909549757e+108,-1.6283996724058773e+128,-1.0575630200852348e+110
-4.175183209524665e+108,-2.240414213885081e+128,-1.7004186656793154e+110
-6.934298638651271e+108,-3.373992458916173e+128,-2.548681966028744e+110
-1.1163660684636118e+109,-5.645315174603116e+128,-4.052097732979985e+110
-1.901607535331821e+109,-1.1498656410847637e+129,-7.1728010665376e+110
-2.9214462870005325e+109,-2.35512076247234e+129,-1.110141388473123e+111
