pso,hgapso,logapso
6113.546993376984,7387.050498419041,5980.431108822123
3898.4408518761607,2699.8610000492768,3680.9636339771796
-1244.8665733291195,-78.48364333169339,254.8582154819418
-5800.0254042307715,-8416.631190908482,-6786.13308641641
-11132.678279255048,-16963.423662742596,-13821.444283820052
-17676.52619258177,-33086.430886384,-20819.107845110986
-34598.2158805426,-47338.9432353969,-33128.13830612225
-60126.14409421835,-62166.42683061594,-46892.65646229683
-84804.11704717501,-127884.80473437734,-67205.42008715047
-118798.56591337544,-166231.00905762584,-109285.45810013323
-156299.74349508152,-268587.0695563181,-139414.87203881712
-235407.58504825784,-422287.4015845459,-211720.25167541992
-345950.6734613165,-798745.0232593275,-289911.61285337154
-567252.560276617,-1204302.06241519,-405132.02555664384
-919273.9196839746,-1730174.285722907,-686547.8310296675
-1363411.1536884003,-2976001.573499659,-848401.5924545743
-2104947.245013082,-5099730.782617902,-1316156.7057733638
-2818371.0324844806,-8670269.558172245,-1770390.5601004146
-5064301.584084706,-15372554.408236396,-2600359.3724785065
-7305272.295780817,-28047964.78394898,-3908441.928307439
-11874524.209232893,-46187920.71251973,-6690017.929059936
-19307768.832841218,-76624685.67247365,-10510836.013259355
-32079835.011870097,-122220391.30952919,-16027122.196711982
-51680635.29865223,-205460952.61851063,-25717964.262714244
-87674079.37141147,-386797623.7383108,-41713699.43488428
-146653012.57758182,-682193708.1623005,-67519399.66921027
-232850006.94744453,-1108075707.0191848,-107757814.21306638
-348114608.4781543,-1721146993.3279006,-166319901.70504707
-637769590.9660071,-3478480112.834185,-271850776.6181216
-1048053689.4149202,-6485975733.693886,-485227444.9990473
-1645843117.906275,-11679039952.573475,-786119413.0835922
-2669535532.7954407,-22379305364.68937,-1376749848.311241
-4350674508.202485,-40951877753.90374,-2343297325.8745995
-7268787844.522469,-78498247942.87885,-3797845085.954282
-12311572643.336828,-146060312661.346,-5918455151.983537
-20870316278.636772,-264008501877.80728,-10440149262.035543
-33828149621.104042,-495668071882.71155,-16324476780.269602
-55071114228.39545,-833840743921.164,-27561850219.033714
-102267386500.95438,-1722809598221.017,-45432918508.60045
-159998846428.8856,-3145679359156.699,-70029292878.35966
-279771055129.83167,-5246583901252.822,-113583717238.64294
-453501396849.1764,-9978238375153.777,-191860338499.88898
-737932779588.3185,-17210261597120.832,-307246821498.48047
-1251028526028.1553,-32041536933979.74,-481695674469.1332
-1908439437367.397,-60984091534518.48,-768244622970.133
-2884977523947.037,-111089806009678.62,-1290490526280.5474
-4859803787675.736,-197536732063748.2,-2223833509193.0127
-7985411933748.453,-322549730492938.6,-3864616056875.8086
-12531756038415.3,-651837844545410.5,-6814305610948.105
-20674362120722.46,-1104840488054644.6,-10879393786489.77
-34009716873493.586,-1907256667990999.5,-18501382830690.72
-57035296224679.31,-3304055404150558.5,-29744294340044.688
-95505315549036.97,-6417573138686072.0,-52345959420263.3
-158386765662635.2,-1.2174410086861496e+16,-86866956500107.72
-291023531051854.1,-2.1524980399968684e+16,-147409003742967.56
-513782187397084.7,-3.915744288897144e+16,-257370545814067.06
-885098176935114.0,-7.200361927718216e+16,-427712656549097.1
-1537246159455715.5,-1.3023023838134989e+17,-690219455365608.9
-2456296871349584.5,-2.222382459691764e+17,-1279116899078574.0
-4291536052519071.0,-3.720162526486815e+17,-2084230602125820.5
-6529726493136161.0,-6.949789545529471e+17,-3469323153191621.0
-1.0702028323846386e+16,-1.2833260432905638e+18,-5159104823729264.0
-1.7412621181728364e+16,-2.383855345132298e+18,-8078712552989715.0
-2.924275131951536e+16,-4.4681958735901327e+18,-1.2668930285729308e+16
-5.538502834771243e+16,-8.074191847404752e+18,-2.223234442322868e+16
-9.408111528933443e+16,-1.3675406348770398e+19,-3.4531144899797812e+16
-1.5002210793664013e+17,-2.543873205721536e+19,-5.891787642928783e+16
-2.4122612607719997e+17,-4.383755139101612e+19,-9.7941885336897e+16
-3.928418774160402e+17,-8.258456979351056e+19,-1.6914571410588237e+17
-5.909435282344891e+17,-1.4606037238996858e+20,-2.6766376631845018e+17
-1.0092938879594729e+18,-2.372196840866179e+20,-4.145466396778905e+17
-1.6140618598005322e+18,-4.308821729748006e+20,-7.545442339540733e+17
-2.6205329661792937e+18,-7.013409521625028e+20,-1.2291383036256348e+18
-4.1403233770310205e+18,-1.257281203298352e+21,-2.0558073234780892e+18
-6.699599453765766e+18,-2.5095745566375726e+21,-3.4307791693972844e+18
-1.0674826327605301e+19,-4.822263272466778e+21,-5.660709596738073e+18
-1.7655346140391444e+19,-8.712575064165637e+21,-8.999352653451857e+18
-3.2664077900012683e+19,-1.5949858694876149e+22,-1.5155906813520478e+19
-5.314623200379357e+19,-2.7675413435418185e+22,-2.4552250337658356e+19
-8.559245495875394e+19,-4.882026134541484e+22,-3.915716961750344e+19
-1.3465382538813474e+20,-7.984591144808411e+22,-6.523402728760316e+19
-2.1682362822159204e+20,-1.4528345174978157e+23,-1.097459609062183e+20
-3.77373486121333e+20,-2.2584766280503988e+23,-1.8658510664500865e+20
-5.866861773009236e+20,-4.443171375575156e+23,-3.5282891936822054e+20
-9.8495391314076e+20,-7.340513570730456e+23,-5.516708565347957e+20
-1.727358290952269e+21,-1.4939707713777021e+24,-9.448793327159388e+20
-2.6297299728127854e+21,-2.405406115713251e+24,-1.6188534599798557e+21
-3.925264200529438e+21,-3.85194717700287e+24,-2.626082345323754e+21
-6.035857664703478e+21,-7.109526303508165e+24,-4.3399579997319757e+21
-9.640737789497047e+21,-1.1388490230484555e+25,-6.875114787619268e+21
-1.7279725333553198e+22,-2.197810324570944e+25,-1.267551391131169e+22
-2.780502311026021e+22,-3.459471509057564e+25,-2.257831766952615e+22
-4.2915970028585074e+22,-6.835198946885964e+25,-3.626678545425476e+22
-7.352746815460714e+22,-1.137511580335279e+26,-5.579110663095351e+22
-1.303342442932352e+23,-2.138031491962631e+26,-9.276544606842911e+22
-2.098277855392625e+23,-3.9436999800005725e+26,-1.7271757831697216e+23
-3.3140212443687756e+23,-7.653049641181176e+26,-2.7214746041090494e+23
-5.392936578033939e+23,-1.2910904841186548e+27,-4.420892153824422e+23
-9.629232895770635e+23,-2.3098974818137423e+27,-7.043049468695424e+23
-1.566350507661471e+24,-4.009204368318419e+27,-1.1712870123988772e+24
-2.418321839113643e+24,-7.512798600354415e+27,-1.9110705292764885e+24
-3.9431275526250255e+24,-1.2756288869896802e+28,-2.95927337566037e+24
-6.160781410735953e+24,-2.527229090864785e+28,-5.003293994696889e+24
-1.0286599740438076e+25,-4.795779902173746e+28,-8.665595468669151e+24
-1.6897074402987777e+25,-8.35671620616756e+28,-1.3590094014822178e+25
-2.9008394595199996e+25,-1.4139786334820362e+29,-2.1892940248425996e+25
-4.446189330342257e+25,-2.4775482181396343e+29,-3.605977618214121e+25
-7.210676981978019e+25,-4.034343406632608e+29,-5.5250512575581685e+25
-1.2074631160519873e+26,-7.215170104819063e+29,-9.126527363016196e+25
-1.803083838201864e+26,-1.286714656901628e+30,-1.512654523315698e+26
-3.361562332380063e+26,-2.3558838165666045e+30,-2.54716432492163e+26
-5.343057836714303e+26,-4.4802926092989185e+30,-4.123103581886887e+26
-8.76133277819456e+26,-8.029621105000086e+30,-6.57398644208597e+26
-1.4044767102258717e+27,-1.4730723232535369e+31,-1.0246248531645403e+27
-2.1887400671568863e+27,-2.438193028818612e+31,-1.5561043950159864e+27
-3.547453476675597e+27,-5.080013879583718e+31,-2.328463448790326e+27
-5.509939682589682e+27,-8.932130338146535e+31,-3.7128265733847453e+27
-9.413094952710645e+27,-1.456396377825656e+32,-5.841502483369298e+27
-1.6036032538817663e+28,-3.101155202350901e+32,-8.967086703333234e+27
-2.4247671352995164e+28,-5.475299473865848e+32,-1.4046462416588249e+28
-3.8281710440477503e+28,-9.88960105756927e+32,-2.1849283189032236e+28
-6.534058803514367e+28,-1.8571603125256832e+33,-3.8890223860721642e+28
-1.0779314694106933e+29,-3.3432340044282085e+33,-7.048144380305379e+28
-1.934439485625446e+29,-5.527556193539766e+33,-1.1517729192510918e+29
-3.4305373193099926e+29,-1.0366407921591607e+34,-1.909965043388461e+29
-5.9364081054264415e+29,-1.8354956247447764e+34,-3.134900579300355e+29
-9.405565383064145e+29,-2.781067514983717e+34,-5.2342955232530736e+29
-1.595204927168011e+30,-5.637627498095652e+34,-9.31649920051701e+29
-2.4257686375980713e+30,-9.753221318367348e+34,-1.5098132329269426e+30
-3.8920435948603983e+30,-1.6272702513782626e+35,-2.545122164248022e+30
-6.79195986300559e+30,-2.9872784123013377e+35,-4.361879010056116e+30
-1.1451304048576547e+31,-4.934179245652692e+35,-7.730220714890525e+30
-1.9284220969364857e+31,-1.2743631129647551e+36,-1.2364918197549304e+31
-3.1178370009963735e+31,-2.0337750201018283e+36,-2.1876053006817117e+31
-4.738402252847906e+31,-3.530663467310448e+36,-3.599016894898027e+31
-8.259583949631065e+31,-5.640769931480264e+36,-5.813203669062291e+31
-1.3467822939618206e+32,-1.070742267684334e+37,-9.817850254625567e+31
-2.24300259695698e+32,-2.0703466310123284e+37,-1.6187752773929576e+32
-3.713259061088662e+32,-3.3920626196455304e+37,-2.4551016559723445e+32
-6.047388466714336e+32,-6.154256902325148e+37,-3.999915280587622e+32
-9.7925398814833e+32,-9.99641557748765e+37,-6.400657275048303e+32
-1.6479104261945256e+33,-1.741892230805668e+38,-1.1247564856382989e+33
-2.8222321020341646e+33,-3.0730735697059497e+38,-1.881439374736617e+33
-4.5919162817038033e+33,-6.7349877508572016e+38,-3.081888788931453e+33
-7.743632261515384e+33,-1.1640920716732013e+39,-4.848881812127535e+33
-1.3219478863220576e+34,-2.0113695092143063e+39,-8.207594732105766e+33
-2.166387707649689e+34,-3.311429159221206e+39,-1.348672973102678e+34
-3.4306902901845166e+34,-5.176618238968124e+39,-2.352250748759115e+34
-5.5961515427070235e+34,-8.494176468073488e+39,-3.83785264200092e+34
-1.0855402154333284e+35,-1.9101658927930782e+40,-6.39009504708447e+34
-1.6963754685746863e+35,-3.4228065498516487e+40,-1.0727202964822896e+35
-2.646675214220949e+35,-6.21579209793108e+40,-1.59150781449469e+35
-4.082981848571712e+35,-1.1556836536964333e+41,-2.6259273796745515e+35
-6.877734512536625e+35,-2.1982349846806392e+41,-4.2372129926512834e+35
-1.0655795083856514e+36,-3.8451625226530976e+41,-8.14971564874217e+35
-1.753349181377866e+36,-7.119899903200932e+41,-1.2876346003907317e+36
-2.883980420379669e+36,-1.2745352923623382e+42,-2.2731260284235576e+36
-4.701451693236149e+36,-2.4047978456239346e+42,-3.53290992050366e+36
-8.012172513024804e+36,-4.34608621833307e+42,-5.445187455593397e+36
-1.3411358072550884e+37,-7.586078950110804e+42,-8.483336647781423e+36
-2.170059977521902e+37,-1.379914132028387e+43,-1.3407918262174836e+37
-3.8175461997672125e+37,-2.310771017849882e+43,-2.2200746372671195e+37
-5.691579295136477e+37,-4.263737817471611e+43,-3.414661776485136e+37
-9.714676687878633e+37,-7.655597072519227e+43,-6.062659126962762e+37
-1.5412139195676337e+38,-1.4337470299532948e+44,-9.517428881191027e+37
-2.3646566240908628e+38,-2.4068500239333237e+44,-1.7039535973437563e+38
-4.219016045555823e+38,-4.3319219981795845e+44,-2.6102157761226094e+38
-7.192768411499197e+38,-7.487037805585433e+44,-4.213673084595219e+38
-1.1656317994434446e+39,-1.2496588644152714e+45,-7.99838581277989e+38
-1.7649180053094837e+39,-2.1574563378369168e+45,-1.3225632749755123e+39
-3.158564484033348e+39,-3.52002913397397e+45,-2.2344446670922453e+39
-5.12025157834362e+39,-6.33466298416027e+45,-4.2071276723541575e+39
-8.396165514984998e+39,-1.2028439254147255e+46,-7.115324115854419e+39
-1.373434307053536e+40,-2.0016110904887263e+46,-1.131021179063102e+40
-2.357097025294631e+40,-3.2611607930883173e+46,-2.196737236681945e+40
-3.774583683811398e+40,-5.958058357429573e+46,-3.782852304326887e+40
-6.398212467607811e+40,-9.199826495254788e+46,-6.176917763317748e+40
-1.0905893992666758e+41,-1.6979962185768042e+47,-9.549522048107128e+40
-1.8205119871425614e+41,-3.5372507245986195e+47,-1.5140383970846982e+41
-2.905149512822331e+41,-6.139315646010462e+47,-2.776536084503883e+41
-4.558087108514416e+41,-1.1200189830811223e+48,-4.4355608187083545e+41
-7.297308876112987e+41,-1.6344018495838502e+48,-6.9716660297969e+41
-1.1645615142506953e+42,-3.127655916208031e+48,-1.0591654642912123e+42
-1.949989813620434e+42,-5.916437768517328e+48,-1.790483197954183e+42
-3.187534831326333e+42,-1.0560343322653026e+49,-2.7346853306162472e+42
-5.0237745231412685e+42,-1.847920637085937e+49,-4.723810330036747e+42
-7.872289957763372e+42,-3.658875062698563e+49,-7.652433225173196e+42
-1.3703087195594618e+43,-6.363654514711631e+49,-1.4423926817411217e+43
-2.142482704928973e+43,-1.1370438273011415e+50,-2.3595430506251475e+43
-3.6201727880762965e+43,-2.0734823242307533e+50,-3.733430495530425e+43
-5.848129407767317e+43,-3.485115319499358e+50,-5.338394030354141e+43
-8.949918678930656e+43,-6.024202388381984e+50,-8.860212065412925e+43
-1.4525264228999582e+44,-1.1664589175324394e+51,-1.2936905277367587e+44
-2.5552208577479897e+44,-1.8875221439024935e+51,-1.9805366134377746e+44
-4.371688335935491e+44,-3.423787242391147e+51,-3.3446924809325765e+44
-7.109782490687018e+44,-5.744161689371853e+51,-5.3921022698057815e+44
-1.2315151356293894e+45,-1.2106067127683675e+52,-8.755980802894943e+44
-2.0005487754677513e+45,-2.3485757099523077e+52,-1.3587358500549452e+45
-3.2835522915506045e+45,-4.024628253916207e+52,-2.3383604811155982e+45
-5.2831436951377656e+45,-6.432734284292119e+52,-3.618520528306568e+45
-8.572077208656218e+45,-1.2545426086427866e+53,-5.731691085034291e+45
-1.3744128574803667e+46,-2.3259052480708377e+53,-9.704859334112687e+45
-2.1145015953518944e+46,-3.902002445790282e+53,-1.519082862831998e+46
-3.378618133870868e+46,-7.419783428608726e+53,-2.4806280739482445e+46
-5.101939260743098e+46,-1.3929457054616335e+54,-3.89267236376126e+46
-8.839029957004832e+46,-2.633470829507794e+54,-6.160555891494096e+46
-1.379436612520746e+47,-4.086888670659284e+54,-1.0167914353151863e+47
-2.3520938705372856e+47,-8.350323023743407e+54,-1.6285764394557495e+47
-4.078923606486968e+47,-1.5002488055526528e+55,-2.7395644752232902e+47
-6.522472030051853e+47,-2.784155053863239e+55,-4.385478289241507e+47
-1.0567785549560321e+48,-4.996489531424228e+55,-6.903136163495405e+47
-1.765579264386075e+48,-9.444301992320804e+55,-1.0232099622098882e+48
-2.903600516877053e+48,-1.5716640641665803e+56,-1.7895200119418005e+48
-5.056009615373886e+48,-2.637711814261598e+56,-2.8705183290319563e+48
-8.428657350101732e+48,-5.569329949553201e+56,-4.460414227219072e+48
-1.4069354231143086e+49,-9.175418984233714e+56,-7.005950988078544e+48
-2.4778565771436487e+49,-1.785307511503008e+57,-1.165590330402285e+49
-3.8971431383835924e+49,-3.273092505072663e+57,-1.859214473781731e+49
-6.292965300020235e+49,-5.656920210540528e+57,-3.042980288566378e+49
-9.950832334339352e+49,-1.0005105867426224e+58,-5.047343913391816e+49
-1.7693817245774919e+50,-1.9347335654728362e+58,-8.504654833548114e+49
-3.033631458199139e+50,-3.297391044852019e+58,-1.3465236586294178e+50
-5.048187679612075e+50,-5.801735569655668e+58,-2.3696357435858392e+50
-8.095956979307841e+50,-9.841006263599356e+58,-3.82775808800191e+50
-1.385789759963388e+51,-1.812985793966606e+59,-6.603842561887899e+50
-2.370272662703331e+51,-3.193386675364774e+59,-1.0453274236855842e+51
-3.6298179207838866e+51,-6.159434133856481e+59,-1.671071135534496e+51
-6.002473514652389e+51,-1.1135882296900975e+60,-2.871096317959035e+51
-9.637333325303081e+51,-2.0257009811187813e+60,-4.842629611865802e+51
-1.4676869802143838e+52,-3.555718646373798e+60,-7.793645085627254e+51
-2.63754490812051e+52,-6.622520698670852e+60,-1.2214200805570742e+52
-4.3541485485882104e+52,-1.217866395626289e+61,-1.9747508587041426e+52
-6.608609403237019e+52,-2.3630596233818002e+61,-3.528498036275408e+52
-1.1451996631732818e+53,-4.699490258984493e+61,-6.165659423578768e+52
-1.7964777221519964e+53,-7.761985358067702e+61,-1.0348862190835322e+53
-3.1389359017885656e+53,-1.5055153453461814e+62,-1.669326646758173e+53
-4.980459767063885e+53,-2.6371824326761584e+62,-2.6688317446753627e+53
-7.6476184959257055e+53,-4.358700826310307e+62,-4.8734763866563955e+53
-1.1172497776798872e+54,-8.106589156836488e+62,-8.078663910380738e+53
-1.754211911877981e+54,-1.4000514689874623e+63,-1.2099557775113799e+54
-3.069927202991138e+54,-2.5437606997053873e+63,-2.009231999106279e+54
-5.1652074094144143e+54,-3.726313880523462e+63,-3.186293219800878e+54
-8.705439004690168e+54,-7.710236430483004e+63,-5.277667551103679e+54
-1.4492424010004074e+55,-1.6362437050718733e+64,-9.907696677869647e+54
-2.2104118485640226e+55,-2.857908817905658e+64,-1.7696075925118464e+55
-3.820646320597816e+55,-5.477878556702217e+64,-3.3354416961762555e+55
-6.597647559370937e+55,-8.840496477620812e+64,-5.574491534097369e+55
-1.0405501862303774e+56,-1.505135712184998e+65,-9.356466414429224e+55
-1.6222164720375607e+56,-2.9913741170466983e+65,-1.4682507682137591e+56
-2.6545961541308735e+56,-5.738955554631986e+65,-2.4144949635329247e+56
-3.953101458246131e+56,-9.256520333820772e+65,-4.037432121166281e+56
-6.355715066461767e+56,-1.6220921902717019e+66,-6.839701035867821e+56
-1.1040466007692947e+57,-2.8552129513510783e+66,-1.1393961412006543e+57
-1.863024914869349e+57,-5.682313657652591e+66,-1.8504778074333443e+57
-3.000259196008099e+57,-9.236075989608283e+66,-3.1879351029750055e+57
-4.596231904530029e+57,-1.5126925781012116e+67,-5.064730198607768e+57
-7.659430752765254e+57,-2.5436794232142985e+67,-8.292853771859405e+57
-1.2666348594430685e+58,-4.5707658037562204e+67,-1.4753788971124627e+58
-2.111266156956525e+58,-8.143546453016574e+67,-2.259456588528667e+58
-3.379250052519638e+58,-1.515423009807544e+68,-3.7644429028089645e+58
-5.414799151053897e+58,-2.68358502340532e+68,-6.040022458052945e+58
-9.06026407716117e+58,-4.801789576074521e+68,-1.064036352909974e+59
-1.5809685195120632e+59,-7.958991897768842e+68,-1.8074899203638477e+59
-2.352790603349963e+59,-1.470899387914566e+69,-2.8325707854204495e+59
-3.88612137049341e+59,-2.594509061205443e+69,-5.104567833113247e+59
-6.387313745541568e+59,-5.061977198920362e+69,-8.400781915023899e+59
-1.0566319234333967e+60,-8.634972326033042e+69,-1.362157820076783e+60
-1.6110133336510753e+60,-1.6837312321183154e+70,-2.0962667672517136e+60
-2.8737049706720395e+60,-3.1541362575181014e+70,-3.4775475964333214e+60
-4.7547519076281136e+60,-6.831418552956567e+70,-5.762464950206627e+60
-8.583534022924073e+60,-1.3095683366969693e+71,-1.0559002021752925e+61
-1.4086967684909062e+61,-2.381761861146242e+71,-1.7738994803058487e+61
-2.266530813519634e+61,-4.749753027651095e+71,-2.9383252104780877e+61
-4.042780906367651e+61,-9.614351670097338e+71,-4.7366724052687174e+61
-6.254927707505947e+61,-1.6253826086179568e+72,-8.664708790436712e+61
-1.0155391357809264e+62,-2.6637936711813018e+72,-1.4389038968760996e+62
-1.9061896458613957e+62,-5.318450978626318e+72,-2.4100715647105844e+62
-3.074559444155894e+62,-1.106774443456066e+73,-3.8749834076663213e+62
-4.954575919236194e+62,-1.692235416059791e+73,-5.7630853332854e+62
-8.129822033920383e+62,-2.8670030434111877e+73,-9.017734776356615e+62
-1.4768037575010136e+63,-5.6523755118399016e+73,-1.4816865618998181e+63
-2.4713465205496527e+63,-9.229179558773931e+73,-2.388177222086603e+63
-3.86805235770646e+63,-1.4407737794464934e+74,-3.498378082314257e+63
-6.666307614722616e+63,-2.6497996975131226e+74,-5.276005776419664e+63
-1.0996052623762664e+64,-4.916922344904268e+74,-8.108840074734176e+63
-1.779165730534282e+64,-7.844781855211806e+74,-1.3313970996255933e+64
-2.8941081425782884e+64,-1.400648763834007e+75,-2.0406583183910695e+64
-4.5439670702110575e+64,-3.135018008484076e+75,-3.5251980688117756e+64
-7.623769649803192e+64,-6.186840995680054e+75,-5.392933984559393e+64
-1.274791093607329e+65,-1.0703297414619508e+76,-8.359442232502862e+64
-2.1403339985383985e+65,-1.8463213150852112e+76,-1.307673371776711e+65
-3.584325977235082e+65,-3.468142055878344e+76,-2.0786846742828227e+65
-5.496792192145482e+65,-6.061055604708227e+76,-3.3216976811921714e+65
-8.91521129492841e+65,-1.0160768868831053e+77,-5.835557634579699e+65
-1.417589451371839e+66,-2.1735389056583472e+77,-1.0270958401541065e+66
-2.2650119138493993e+66,-4.085350573942177e+77,-1.6582553790914832e+66
-3.681222226864243e+66,-6.794942284334825e+77,-2.6778165043337956e+66
-5.8374963549578744e+66,-1.2456746551189607e+78,-4.168307722599112e+66
-9.877205763366111e+66,-2.0850314583834212e+78,-6.629236885491825e+66
-1.5343072782154516e+67,-4.328634395215313e+78,-1.0359406126647178e+67
-2.6120012282696495e+67,-8.687145487635519e+78,-1.6646180874445056e+67
-4.2501274738116386e+67,-1.5240030125590622e+79,-3.01675939542108e+67
-6.737930458039955e+67,-2.6987213633117833e+79,-5.1537990605951814e+67
-1.2066941395129543e+68,-5.164725276113157e+79,-8.475653910423202e+67
-1.8201878111530722e+68,-7.975282185877561e+79,-1.5053776162674375e+68
-3.379767665386248e+68,-1.412779357378791e+80,-2.5795650538753407e+68
-5.414893352341622e+68,-2.457749339125273e+80,-4.125977043955464e+68
-8.720714545554297e+68,-3.5940656173549003e+80,-7.087568147390691e+68
-1.4004740133314623e+69,-7.503786973433836e+80,-1.1835337590182326e+69
-2.2338590796466853e+69,-1.2829761781679316e+81,-2.033730477059342e+69
-3.7694033474080526e+69,-2.2857478086816716e+81,-3.710975566092651e+69
-6.4477030553137024e+69,-4.225687872516654e+81,-5.842556261126433e+69
-1.0431628410874512e+70,-7.468655751733442e+81,-9.71899961117131e+69
-1.6309190072169442e+70,-1.3768836504855256e+82,-1.571952223056801e+70
-2.642631761900498e+70,-2.613551474152138e+82,-2.5358258910342783e+70
-4.625335527671973e+70,-4.365283575348656e+82,-4.038948011668711e+70
-8.004474394869639e+70,-6.652566366961581e+82,-6.41906612142542e+70
-1.3151187174770112e+71,-1.1799447590895123e+83,-1.0658095127225046e+71
-2.1500509850421423e+71,-2.4908484246266435e+83,-1.6828943812327788e+71
-3.5688235109698246e+71,-4.255280713366851e+83,-2.6186055967634133e+71
-5.633487568238963e+71,-7.116552326732209e+83,-4.4034433459415004e+71
-9.068850702224623e+71,-1.2368566160781647e+84,-7.053345698674093e+71
-1.5060078647730688e+72,-2.289785865507728e+84,-1.1678957708205321e+72
-2.415276569277118e+72,-4.102141771519615e+84,-1.9395839364059686e+72
-3.848052528958459e+72,-9.700857390691461e+84,-3.2188086441916864e+72
-5.973373041676892e+72,-1.5439658798534653e+85,-5.113073389831435e+72
-9.811683035748323e+72,-2.572427474613162e+85,-8.820724470877235e+72
-1.6881048692344934e+73,-4.610738174464254e+85,-1.4456213826114705e+73
-2.7206780013032707e+73,-8.591250024149098e+85,-2.3113422011035278e+73
-4.43049630488242e+73,-1.4142975570181892e+86,-3.718601942675076e+73
-7.583646514320593e+73,-2.5048496371219053e+86,-6.62207781087388e+73
-1.2111114322325065e+74,-4.923244051274436e+86,-1.1088679673352301e+74
-2.009441236170407e+74,-9.033331775083076e+86,-1.7301677794992802e+74
-3.473971583870584e+74,-1.3141620689803694e+87,-3.046806793493439e+74
-5.954487851618661e+74,-2.787256741973909e+87,-4.928735594431664e+74
-1.0054530482342413e+75,-5.690878575046679e+87,-8.43622297292129e+74
-1.8251055275721016e+75,-8.59476541815648e+87,-1.3864680525499344e+75
-2.65378788059844e+75,-1.7283843519766824e+88,-2.1935774211686905e+75
-4.925371380281442e+75,-3.0227181802514328e+88,-3.519601735657769e+75
-8.158041169588125e+75,-4.3995390118349346e+88,-5.692107897345873e+75
-1.3292793980367547e+76,-8.66928352966536e+88,-9.289958128316298e+75
-2.1851020397999363e+76,-1.7619593270699147e+89,-1.6031067090517763e+76
-3.7434442141250575e+76,-3.388805781557155e+89,-2.6071788414648312e+76
-5.923512890351168e+76,-5.955081564154224e+89,-4.216299856771106e+76
-1.0011527256064707e+77,-9.831512767702845e+89,-6.646996628164569e+76
-1.499458263993346e+77,-1.7015225264057213e+90,-1.0743472112516387e+77
-2.4946754198441057e+77,-2.7990155336532875e+90,-1.7829657672936523e+77
-4.414561999674243e+77,-5.248551757467358e+90,-2.8835992741396883e+77
-7.30770801343266e+77,-7.613181404197617e+90,-4.835603841951099e+77
-1.2391053719470454e+78,-1.2998539431994372e+91,-8.224789525402981e+77
-2.1396568886056547e+78,-2.462400869193507e+91,-1.3615097030313094e+78
-3.6820313080111663e+78,-4.203851886121662e+91,-2.2474489260077093e+78
-5.963170964288773e+78,-7.032478048623176e+91,-3.6675401391584645e+78
-1.0053569837178095e+79,-1.1557309625999278e+92,-6.1040059032606755e+78
-1.6340062682959317e+79,-2.4897297557441517e+92,-9.544806676224077e+78
-2.629618711826786e+79,-4.457308468677267e+92,-1.458538858054192e+79
-4.054867317932991e+79,-8.375315566314678e+92,-2.5904177765421977e+79
-6.398554796536404e+79,-1.3649607831347827e+93,-4.059801154934871e+79
-1.0139676684403331e+80,-2.281129711088006e+93,-6.87916772078966e+79
-1.753146970535497e+80,-4.093460184183924e+93,-1.1242993787938408e+80
-2.6826205953381356e+80,-6.615980262944711e+93,-1.9422286120899875e+80
-4.7132064022834647e+80,-1.3249915450665572e+94,-3.209399138799338e+80
-7.570120441561416e+80,-2.9448166551472478e+94,-5.032128491858613e+80
-1.2394794946283342e+81,-5.455801153987985e+94,-8.911700169443838e+80
-2.019567273222563e+81,-9.887455066446603e+94,-1.480500397685425e+81
-3.353783019564309e+81,-2.27612715361247e+95,-2.4410227071839195e+81
-5.461362330037371e+81,-4.989637849126173e+95,-3.94331395213676e+81
-8.761506787247577e+81,-8.49940964992131e+95,-6.6201830814720155e+81
-1.387982831813419e+82,-2.274181589440976e+96,-1.0694745707634408e+82
-2.318738033521327e+82,-3.4773347167212992e+96,-1.6286867476916377e+82
-3.768127910290633e+82,-7.666361204220009e+96,-2.8511146478844372e+82
-5.7926213224310856e+82,-1.2033109040097276e+97,-4.1214670011236145e+82
-9.399610148648275e+82,-2.328181606570978e+97,-7.266026451580934e+82
-1.5950007719006776e+83,-3.588561074400024e+97,-1.2103847502755682e+83
-2.576108818494309e+83,-6.029222750396238e+97,-2.1443700366700813e+83
-4.3453173448862825e+83,-1.032761086735491e+98,-3.2790262715853033e+83
-7.330606551286396e+83,-1.405365332172133e+98,-5.477916536464097e+83
-1.384106987475156e+84,-2.5436577735344808e+98,-8.952645196103621e+83
-2.1934910573875977e+84,-4.4006038950289324e+98,-1.5005908732471584e+84
-3.542923457603224e+84,-6.806554278040716e+98,-2.3490791351654177e+84
-5.965553160182449e+84,-1.2454317751160543e+99,-3.953428312814431e+84
-9.015029506779167e+84,-2.202554306498433e+99,-7.372707560951013e+84
-1.4234457282173588e+85,-3.40099890476601e+99,-1.1911339346157236e+85
-2.1616899435758877e+85,-6.380978627867995e+99,-2.059904346311925e+85
-3.3331645646578236e+85,-1.348370470218151e+100,-3.265874559847874e+85
-5.236292543941696e+85,-2.1202607295102424e+100,-4.8374243256620514e+85
-8.868366662049678e+85,-3.539709050972067e+100,-7.264050519502924e+85
-1.4015807783441142e+86,-7.774754703237876e+100,-1.0584538343374658e+86
-2.175666597878994e+86,-1.8160643199920393e+101,-1.9144034770649893e+86
-3.711721720100943e+86,-3.517439468657808e+101,-2.922600383084034e+86
-6.501089097205083e+86,-5.78950917681552e+101,-5.023725346451425e+86
-1.0651695148705968e+87,-1.2174545156997324e+102,-7.898550821554557e+86
-1.7583830690512179e+87,-2.1242785524318622e+102,-1.2761305539144526e+87
-2.859683559911091e+87,-4.379515114316899e+102,-1.8307095450942582e+87
-4.3052014871772615e+87,-7.556681435324777e+102,-3.609193935418652e+87
-6.701199289979456e+87,-1.165576948850643e+103,-5.981205272304624e+87
-1.331933098230822e+88,-2.085183666906021e+103,-9.402482959815855e+87
-2.1315686648984335e+88,-4.185722928880721e+103,-1.7103365853501655e+88
-3.71258550304962e+88,-7.98751784568844e+103,-3.0563542675967573e+88
-5.648932219547302e+88,-1.4741040499209966e+104,-4.589749869790642e+88
-8.880362440434613e+88,-1.9064687043198266e+104,-6.848900640645681e+88
-1.465816171372888e+89,-3.028523018023626e+104,-1.256788268889655e+89
-2.22484607891625e+89,-5.57830270929934e+104,-1.9978827609832064e+89
-3.975073027556629e+89,-9.507308147546292e+104,-4.077274290219074e+89
-6.600990849888995e+89,-1.770282477975127e+105,-6.60592369636737e+89
-9.907624872166861e+89,-2.6374698163940066e+105,-1.0743805808295496e+90
-1.6091504294106539e+90,-5.129440922761785e+105,-1.7140561580444844e+90
-2.4390482274918795e+90,-8.675539531675531e+105,-3.0383355364036776e+90
-3.8840901825929327e+90,-1.8099956185757924e+106,-5.040567776948418e+90
-5.954275768929611e+90,-3.710315517677295e+106,-9.172372320060428e+90
-9.741522574850305e+90,-6.337545652454862e+106,-1.5054325045440917e+91
-1.584843207768259e+91,-1.0563117591036938e+107,-2.5577898928677553e+91
-2.913038550704377e+91,-2.374780286536068e+107,-4.5666418459998896e+91
-4.618050849084506e+91,-4.83651105436911e+107,-7.403573941788176e+91
-8.384134825427058e+91,-6.655598134201598e+107,-1.1880500853992046e+92
-1.324377277646048e+92,-1.3847267884894242e+108,-1.864772081457011e+92
-2.3055090908200578e+92,-2.4868040293178743e+108,-2.8198319437117184e+92
-3.789512251337224e+92,-4.355537573111651e+108,-4.280364917513006e+92
-6.378929001897566e+92,-9.363160317507097e+108,-6.600166193028038e+92
-1.0141118729270918e+93,-1.8451795676329002e+109,-1.07478364708203e+93
-1.7819083479169427e+93,-3.547672799660672e+109,-1.8235155375703353e+93
-2.962499006933638e+93,-5.610951263325265e+109,-3.067496348358394e+93
-4.428812797617729e+93,-1.0346812014346323e+110,-4.808993485318965e+93
-7.147112794747719e+93,-1.4792867301859417e+110,-8.192145468890085e+93
-1.1893777255624923e+94,-2.8080097709425136e+110,-1.268422360445392e+94
-2.0865568330198515e+94,-4.9655711737784825e+110,-2.116735244840708e+94
-3.548320772888519e+94,-7.020983005043984e+110,-3.781952913773931e+94
-5.929887949505931e+94,-1.2780291090845283e+111,-5.7674723889190864e+94
-1.0215889878738798e+95,-2.8206949250335043e+111,-8.885100147558761e+94
-1.594853614050708e+95,-4.7083617133980114e+111,-1.4234850133608896e+95
-2.5321297908542785e+95,-9.483002960942615e+111,-2.1790872144729944e+95
-3.8766162010031605e+95,-1.8103885239417616e+112,-3.7937515478553716e+95
-6.719366092447679e+95,-3.0429137879949316e+112,-5.984318453294612e+95
-1.0936352833797464e+96,-6.611357992580085e+112,-9.258456197857073e+95
-1.6838760819323133e+96,-1.1641649515216687e+113,-1.6732315856597392e+96
-2.9749734981368633e+96,-2.183876515210843e+113,-2.8093133450807084e+96
-4.924448176438362e+96,-3.319872763559663e+113,-4.779717003225719e+96
-7.254338697655376e+96,-4.845947504206358e+113,-7.979872731583011e+96
-1.280981705773382e+97,-9.594245231042733e+113,-1.2724104221775305e+97
-2.0114084310526405e+97,-1.3555625380100222e+114,-2.1096261569297007e+97
-3.762429088251417e+97,-2.6321997288511965e+114,-3.4113377195623715e+97
-5.7204389637074734e+97,-4.930406206406967e+114,-5.264272091901418e+97
-9.528390290619686e+97,-1.1451261944334118e+115,-8.677087035176861e+97
-1.5085352518878443e+98,-2.0202358726721028e+115,-1.3568113703417361e+98
-2.6144195444113095e+98,-3.8885113567876923e+115,-2.3115460277663324e+98
-4.355216538232682e+98,-6.081947383847828e+115,-3.987880779028783e+98
-7.974159922806543e+98,-1.074313134417408e+116,-7.447027663215088e+98
-1.309375765395746e+99,-1.9001617688378036e+116,-1.270730260301277e+99
-2.1146071406982153e+99,-2.9410710902419224e+116,-2.189063447164239e+99
-3.302728789354662e+99,-5.985941773353781e+116,-3.7670885395323896e+99
-5.273541680197933e+99,-9.746898953191241e+116,-5.637728232808022e+99
-7.742450188104701e+99,-1.619896662754394e+117,-9.017475475857238e+99
-1.315643870174724e+100,-2.8440134466742174e+117,-1.5402026783434457e+100
-2.3305034591369684e+100,-5.457143145266619e+117,-2.513398844598751e+100
-3.967374059427812e+100,-1.0009032234027897e+118,-4.5781526418092315e+100
-5.730936782606565e+100,-1.7411504811586822e+118,-7.563976418971774e+100
-9.182993662442227e+100,-4.048274127245288e+118,-1.3161634658797234e+101
-1.545715349455659e+101,-7.287944358702297e+118,-2.232612278005404e+101
-2.6192141610392675e+101,-1.3339563341124702e+119,-4.092043872799641e+101
-3.913491437611323e+101,-2.284197282433204e+119,-5.881517073477919e+101
-6.584082732490918e+101,-4.433948806884039e+119,-1.0481848805567467e+102
-1.0586319012807635e+102,-9.006469201916923e+119,-1.7703616648610023e+102
-1.6742470547689796e+102,-1.5673272489758586e+120,-2.7653128675377803e+102
-2.8664473530369307e+102,-3.1267913186815014e+120,-5.029162503881778e+102
-4.32288918516594e+102,-5.779437542637604e+120,-9.044102757083616e+102
-7.516974980512974e+102,-8.556765526333202e+120,-1.5593108060586812e+103
-1.1602469034366005e+103,-1.735632175212906e+121,-2.5633300469285035e+103
-1.8825724643713565e+103,-3.6041101077706815e+121,-4.781697936026674e+103
-3.0874811927880426e+103,-6.318782405789106e+121,-7.846953741978107e+103
-5.62825389291037e+103,-1.0664098018508076e+122,-1.557322043586661e+104
-9.43884804558644e+103,-1.9400575606419124e+122,-2.43291138919025e+104
-1.680712910831894e+104,-3.1701918903885636e+122,-4.070671900196097e+104
-2.7601489884194546e+104,-7.854303519818578e+122,-6.407653240842923e+104
-4.5195583593027435e+104,-1.4878620945363837e+123,-1.1098362823619179e+105
-7.57995859041822e+104,-2.7029099138519504e+123,-1.9637359044523353e+105
-1.2251332608584898e+105,-5.471750000436661e+123,-3.3235233204954265e+105
-2.1261993290431198e+105,-8.479177005953494e+123,-5.463666974648304e+105
-3.4933038104576576e+105,-1.5841626223994903e+124,-9.131269438456947e+105
-5.955639080806194e+105,-3.057604875915471e+124,-1.4015416458074438e+106
-1.0217440882278793e+106,-6.159413671737314e+124,-2.4125843045010567e+106
-1.6040173368132642e+106,-1.0966247860517063e+125,-3.8085536225540404e+106
-2.826450228912253e+106,-1.952416020084885e+125,-7.449399670373274e+106
-4.825104016639148e+106,-2.9311006731112475e+125,-1.1713864027738058e+107
-8.699225154175918e+106,-4.831198673367387e+125,-1.7906358227942832e+107
-1.292800187557964e+107,-1.055596834591854e+126,-3.121907885441461e+107
-1.9973276204151773e+107,-2.2748096343689724e+126,-5.664681583672683e+107
-3.336020252074206e+107,-3.55007544067003e+126,-9.756562577495402e+107
-5.820862972895176e+107,-8.709502346376103e+126,-1.7702871488383622e+108
-8.559958618252162e+107,-1.4409563584840442e+127,-2.7215605308670487e+108
-1.6976947353447286e+108,-2.3300145532925893e+127,-4.5105706889373835e+108
-2.732315990847693e+108,-5.058949058388847e+127,-7.086745418987482e+108
-4.158642144424053e+108,-8.806510485878332e+127,-1.09336665254011e+109
-7.250106640220893e+108,-1.9573040128628715e+128,-1.8745916204575209e+109
-1.1566337779317333e+109,-3.129911790260398e+128,-3.365139834071996e+109
-1.9537600061049334e+109,-5.375022233424506e+128,-5.239432239184094e+109
-3.5748564663939115e+109,-7.30692408594499e+128,-8.651587951942563e+109
-5.883351068684204e+109,-1.3608100458628786e+129,-1.2784840409025531e+110
-1.011045027886758e+110,-2.346780633924285e+129,-1.974348323211367e+110
-1.6002263169452738e+110,-4.133589561947648e+129,-2.946090244751929e+110
-2.481879931397533e+110,-7.594775234177946e+129,-4.5459593940656576e+110
