pso,hgapso,logapso
0.1979521940106766,0.21728672995097228,0.19979328810935568
0.1561962401102306,0.16733878365596253,0.15508409077065535
0.1375524249931574,0.13478936662146962,0.13045135602022767
0.11727859816921275,0.10254448975565356,0.11070114097450286
0.09850745362832525,0.07098438681280819,0.08469935201289483
0.07781859455597726,0.05268097375191062,0.06771831722676837
0.06319212284680285,0.03655536783984702,0.051411669200777235
0.04846496563241586,0.021519927533362175,0.04097268205563174
0.03494128552258434,0.013374968826096382,0.03156725354117322
0.024996632510859245,0.008561656702041516,0.023393684895953858
0.0182470749982373,0.004605072106080773,0.018974985903482573
0.013767774938916361,0.0026744077913733824,0.01556876577370333
0.009883892243907908,0.0015138105281747366,0.013057628007122169
0.006001072465584687,0.0007214909460286365,0.00851696757489776
0.004280347253925732,0.0003958807158765481,0.005951329505182841
0.003212469393190475,0.00017961993630546876,0.0035316705524580105
0.002300594846200245,6.599573351167559e-05,0.0024876655339493747
0.0014961784256295658,3.8328212215683045e-05,0.0015827752390208342
0.0008538132114943294,1.9876752017927616e-05,0.0009287781303446672
0.0006119084853048018,1.1342764265668708e-05,0.0005646683856175661
0.0005037543827391521,5.992394265420722e-06,0.0003739494396272649
0.0003108929277559709,3.0201717736291057e-06,0.000240741295201538
0.00018758168123376816,1.2915210890685948e-06,0.00014473042302884368
8.760316047863753e-05,5.406199307880926e-07,9.92937669298404e-05
5.561969695698159e-05,2.6263036479159354e-07,6.295576522012096e-05
3.580269899256985e-05,1.3223639475902116e-07,4.843760703561718e-05
1.953488817103929e-05,6.526731003336325e-08,2.6788713734212288e-05
1.2818476063389952e-05,3.067415732909066e-08,2.190351637574974e-05
6.97082389289935e-06,1.7492718806774212e-08,1.4806343629814765e-05
4.948105291604628e-06,8.88342413415894e-09,8.0128019695809e-06
3.427450188420076e-06,4.888041852160464e-09,4.866607843945606e-06
2.4991469258907773e-06,2.2226171730704203e-09,4.211339104420146e-06
1.8384456540638551e-06,1.2871303791946254e-09,2.679329059121791e-06
1.463743860357557e-06,6.738729183854149e-10,1.836016959972642e-06
7.694634624405843e-07,2.967592705975477e-10,1.2943536800686054e-06
5.133689573043925e-07,1.8180637240626285e-10,1.0858092073988012e-06
3.6817309165391466e-07,8.991784677037399e-11,6.965185588962491e-07
2.9165239387032026e-07,4.828373437696701e-11,6.309625818603113e-07
2.0019900667080091e-07,1.7451234139138296e-11,5.135957052777888e-07
1.4460459376528818e-07,9.202043062639137e-12,3.123789953296551e-07
1.2851192490167888e-07,5.114817002488165e-12,2.1975164462586232e-07
8.662696832779105e-08,2.304934511501029e-12,1.3684675998653314e-07
7.093063193539583e-08,1.1499434245558208e-12,1.1620087483712753e-07
5.114467736263659e-08,4.4040685580595617e-13,7.933845352223284e-08
4.139351604432268e-08,2.304422050982283e-13,5.768017348597563e-08
2.5628531900761895e-08,1.2341406047045802e-13,3.742430441837343e-08
1.2372422135347933e-08,6.641476274330799e-14,2.6521553810967986e-08
7.718944517820784e-09,3.53429853192548e-14,1.5897511725337766e-08
5.2237458439485834e-09,1.3841086471361524e-14,9.251899113038873e-09
4.053978709986096e-09,8.330789488652344e-15,4.434951711834143e-09
2.8491979722589404e-09,4.453908934411025e-15,2.3853503865780495e-09
1.966311307506098e-09,2.0823970479701353e-15,1.756288353950002e-09
1.8643920950326823e-09,1.1993940660745447e-15,7.761462310587919e-10
1.1166284842498579e-09,5.904142546890078e-16,6.484863295574279e-10
6.056322930407768e-10,3.40257826817789e-16,4.3966089099390537e-10
4.0791404346775536e-10,1.8270176365857811e-16,2.7586304233256595e-10
2.5335300276014106e-10,1.0439283879408607e-16,2.1401036813390945e-10
1.6078280474858618e-10,5.1376536225940633e-17,1.4304965709146083e-10
1.202436988228021e-10,2.5453284502606762e-17,9.485620986875952e-11
8.616950775370132e-11,1.2455097027646912e-17,6.483645514424402e-11
6.69081291744291e-11,5.3587562495393034e-18,4.360770157370744e-11
3.82545104161953e-11,3.165707360460074e-18,3.3716569459976047e-11
2.7376447106311647e-11,1.6481824508076561e-18,2.0810328916847342e-11
1.9171316500721835e-11,1.0928376735544274e-18,1.8220804258434732e-11
1.1355546415454155e-11,7.585580051375179e-19,1.6947057447317585e-11
8.702015455969627e-12,5.589479521754914e-19,9.61921922656955e-12
4.168946090409694e-12,4.003135292399004e-19,6.544401212252799e-12
2.8715873593785996e-12,2.3217637181609906e-19,4.554830202204734e-12
2.2213444861870286e-12,1.2381902753520637e-19,3.729026080707743e-12
1.742319966175831e-12,1.093109478659099e-19,3.271630623646963e-12
1.2446935798452382e-12,8.080359878323638e-20,2.1917139930887033e-12
7.46802825689958e-13,4.782905921013334e-20,8.874671878458294e-13
5.676179342770877e-13,3.4510780850046683e-20,4.251643888717591e-13
4.520284319502725e-13,2.9581293212919914e-20,2.993261876230818e-13
3.4234656876809714e-13,2.8843340768817343e-20,1.9166407662904285e-13
2.381867504759676e-13,2.4196578796144113e-20,1.5039882741704315e-13
1.6340743653943686e-13,2.32605398326466e-20,8.593306816261339e-14
9.631351741319839e-14,2.212856700289536e-20,4.5271133533228153e-14
5.910806299398748e-14,2.1641689746336793e-20,3.29764755093628e-14
4.3406403983750007e-14,2.0436127846895135e-20,2.5453260294960262e-14
3.102177415357143e-14,1.984591594841001e-20,1.608554549136624e-14
2.5943012569739515e-14,8.24894728560376e-21,9.46033957415555e-15
2.11929313218913e-14,4.217734897532332e-21,5.537221390346217e-15
1.7226451111517784e-14,4.1389313786931655e-21,3.669107670585047e-15
8.6115271041349e-15,3.559599410496834e-21,2.209227842416126e-15
6.505960654668655e-15,2.5809338509416592e-21,1.487441089930725e-15
3.3762638307878558e-15,1.9507968742669485e-21,8.087206775681305e-16
2.609627287327506e-15,1.440599142040125e-21,7.167529461373892e-16
1.651955780299746e-15,1.2734198509316779e-21,5.900337906227958e-16
9.650257693266055e-16,7.149386692388581e-22,2.7435063102370573e-16
7.763991216820549e-16,3.4715314729838065e-22,1.9150708156410347e-16
4.3797569935686513e-16,3.42285374445888e-22,1.205584532379117e-16
3.6850354578625675e-16,3.393635671438638e-22,7.13258426356698e-17
2.061281375473481e-16,2.344290204296484e-22,5.664107715849536e-17
1.5613372597422003e-16,1.8586766576508766e-22,3.9581969547408827e-17
1.482793285541705e-16,1.0527536048763922e-22,2.4613698703618517e-17
1.3431459043591955e-16,1.0509359813481769e-22,1.163890295321798e-17
9.601082673932552e-17,9.830220028712685e-23,7.179426464051907e-18
6.581435124352308e-17,4.1887971699159785e-23,4.988827455637304e-18
4.783841176496634e-17,2.3237774705843645e-23,3.544639420005299e-18
2.8065891562497516e-17,1.401455570997323e-23,1.3753035168459004e-18
2.048962497732208e-17,1.1611463338250632e-23,8.692901806331994e-19
1.7828424699213705e-17,9.508653867532364e-24,7.026227317549287e-19
1.0609196151788227e-17,5.03791864709264e-24,4.584777220003875e-19
9.82296433828251e-18,2.326395219780822e-24,2.2118195787377134e-19
8.797329876748592e-18,1.734069808628032e-24,1.4157263609131178e-19
4.956159838623605e-18,1.4119359805458865e-24,9.384163071930948e-20
2.5969438445658375e-18,1.25807799665724e-24,6.239062112066404e-20
2.3607217924016957e-18,8.510461681751896e-25,4.265263049330929e-20
1.805349866046071e-18,8.48736018062305e-25,3.0644565798104066e-20
1.481232027993356e-18,6.228114395001963e-25,2.4378217583385127e-20
1.1920157645679393e-18,6.225880047392329e-25,1.4422587035140606e-20
1.0318818149344147e-18,6.21705345341846e-25,1.0414741385488773e-20
7.9418046018714775e-19,6.044551532400154e-25,7.437063742507462e-21
4.677229169156064e-19,5.301430620747823e-25,5.1186178330559436e-21
3.75686773071476e-19,3.1780113309408116e-25,4.521137374921087e-21
1.4731438905718648e-19,1.4983666000253318e-25,1.959746320169432e-21
1.2650031413628077e-19,1.3869310918898115e-25,1.325819870125517e-21
7.069227626919087e-20,1.021890874624729e-25,7.846900850232071e-22
5.508088407208562e-20,7.047231395499274e-26,5.6045461841762e-22
3.688011744425726e-20,3.7983924170725586e-26,3.8381964152999745e-22
1.9346912114377057e-20,3.0436726589122535e-26,1.7191688536144235e-22
1.403892831875068e-20,1.9919509327054382e-26,9.462612037084569e-23
8.781431034107776e-21,1.9667664693341684e-26,7.21373541628364e-23
7.016680875452585e-21,1.2040521492108135e-26,5.668646810320488e-23
5.842446407288747e-21,9.5292801885375e-27,3.5407303131497483e-23
4.862740153910054e-21,5.4868261190315355e-27,2.3603949962567862e-23
3.040419489348423e-21,5.374717361359496e-27,1.6566324437947004e-23
3.0282255066152656e-21,3.5418176936845985e-27,1.3859514493968183e-23
2.088554382042629e-21,2.6757034136703263e-27,1.3206198040443598e-23
1.8262169716212246e-21,2.579520071723142e-27,1.2079253638924163e-23
1.3025300014382627e-21,2.3306884190045274e-27,9.514424954107324e-24
6.795092001250386e-22,1.6364611636560078e-27,4.891483999254145e-24
4.301995302403056e-22,1.058480735267906e-27,2.5704256038329057e-24
3.3383797937126295e-22,4.7641870419580035e-28,1.666820616818293e-24
2.1299887247084457e-22,3.2480990045598625e-28,1.3554417313532855e-24
1.052809039897852e-22,1.422617303117121e-28,9.176804137979025e-25
5.1445816082358647e-23,8.934930475488436e-29,5.111331230367548e-25
2.990997435208091e-23,7.40653788193933e-29,3.7071762950977335e-25
1.861354314654391e-23,6.199867611661472e-29,3.262199519867245e-25
1.018541973018839e-23,3.4885671884599464e-29,2.2213995033904925e-25
7.998564782837263e-24,2.4665821327658044e-29,1.8163891316712897e-25
3.545969568097316e-24,2.2445739151250868e-29,1.6096162750062943e-25
2.4111886447533043e-24,1.0181947491883536e-29,7.744697076035126e-26
1.5998661073540162e-24,7.715394317478852e-30,4.5521828275641295e-26
8.680097550493242e-25,6.54127319301756e-30,2.757443163085844e-26
6.286252356224787e-25,6.0655975327495085e-30,2.2926807721566513e-26
5.251050243786389e-25,2.9931271666281513e-30,7.217176695996405e-27
2.8188482241462435e-25,1.9763086997040885e-30,4.988661529686841e-27
2.3869773754451677e-25,1.7010309225719532e-30,3.460560381837886e-27
2.2634791257323686e-25,1.1114711603667557e-30,2.916544887249344e-27
1.713710573934311e-25,9.548158783497846e-31,1.2684657593016365e-27
1.044204230995201e-25,7.140044718627275e-31,1.0915615271667938e-27
6.77858571486023e-26,4.256677649664743e-31,9.012846324844547e-28
4.609978509689601e-26,4.255478805500013e-31,4.612345230578883e-28
3.910336009689287e-26,3.899148987183857e-31,3.1673629411328272e-28
3.0195867556531326e-26,2.3176590482348684e-31,2.646790886950184e-28
1.655277011210063e-26,1.5350510451859019e-31,2.088601336591192e-28
1.1522764867589962e-26,1.2450292551806857e-31,1.3290302738128426e-28
1.0176052198342336e-26,9.333357949248998e-32,6.722316103327771e-29
6.1095932670998936e-27,5.771544825513114e-32,5.560703617805755e-29
4.5541036439927246e-27,4.7097491764025287e-32,3.540244644083754e-29
2.1018241103811037e-27,3.653377921203361e-32,2.9612353691843567e-29
1.4089397797465946e-27,3.305989620330364e-32,1.2569041068048639e-29
1.0332126395033177e-27,2.954730463574645e-32,7.095658451067019e-30
7.565513971350625e-28,1.98022150249589e-32,5.438462642944886e-30
4.075705066101437e-28,1.454172104533591e-32,3.435456610217838e-30
2.8945952858809826e-28,1.0536895207132176e-32,1.6977837499001777e-30
1.9961287265090112e-28,6.244493766291259e-33,1.0877155357445587e-30
1.314932199754802e-28,2.6081182004232672e-33,1.003661634514946e-30
1.1164542054758267e-28,1.2059812609430617e-33,6.309138164190513e-31
7.008499475437321e-29,3.4418898799644758e-34,3.02344158744008e-31
3.3114028005255436e-29,2.263453099682642e-34,1.728830743913667e-31
1.9930272823038214e-29,1.4999544266016064e-34,1.4189406823503676e-31
1.3796949315413877e-29,8.369007468792258e-35,1.0738743865707787e-31
1.1217456967032365e-29,5.879723369924292e-35,1.0559372173739803e-31
7.267258127557846e-30,3.140637798519202e-35,9.217912077268794e-32
4.535706260782897e-30,2.2262833617070896e-35,5.276031158944099e-32
2.9944542128894362e-30,1.6125660270329363e-35,2.165277655448961e-32
2.1852770634782453e-30,1.2229089744391904e-35,1.389208889401991e-32
1.9639623469125963e-30,1.2184903221910692e-35,1.076160246063257e-32
1.6011387499763687e-30,1.0966631858658855e-35,6.787720972663485e-33
7.67629648894044e-31,4.0511914889332925e-36,5.367400303265793e-33
4.1224188405005975e-31,3.050726198628973e-36,3.0331871668175124e-33
2.680601398386732e-31,1.8910130150407988e-36,1.4214947345361401e-33
1.6980490088958758e-31,1.5119847106856604e-36,1.110798446728731e-33
1.3659264140927876e-31,1.490028524075347e-36,4.745119291996156e-34
6.990597242821672e-32,1.2297610037045693e-36,3.05862894735125e-34
4.34159943420936e-32,9.790977284430564e-37,1.676473764150936e-34
1.654559793788556e-32,5.732667776984115e-37,1.307458124072859e-34
1.3022069894392286e-32,3.1070083695914294e-37,8.633314140774184e-35
9.724774357457632e-33,2.4882762025032935e-37,5.079382476349544e-35
7.730082021638348e-33,2.1484284153549228e-37,3.438466321526845e-35
5.6263122995554174e-33,1.5156822223314603e-37,2.505044825079667e-35
4.13063970502042e-33,1.3392508654247372e-37,2.2071842570758077e-35
3.387385821454082e-33,7.363220911078305e-38,1.5953046171362812e-35
3.0937906669287416e-33,4.044156092874941e-38,1.033818399666399e-35
1.0545144035680535e-33,3.083937291552579e-38,6.473561481470415e-36
6.1540221696947455e-34,3.0782894937374877e-38,3.476197136061962e-36
3.8422555925775317e-34,2.2878790257165858e-38,2.545317140609309e-36
1.4404678753600737e-34,1.2559221490858563e-38,2.3873190726404548e-36
9.256063289966773e-35,1.0901058633498742e-38,1.851497961029476e-36
5.054903373943612e-35,7.473321658206012e-39,9.60996394664977e-37
4.0195893392914214e-35,4.752495346289757e-39,6.051744680770398e-37
3.4429638089313095e-35,4.3367945993224045e-39,5.251171347856668e-37
2.1622313907437746e-35,3.152317202134447e-39,4.28698718134133e-37
1.8151774130069824e-35,2.2778939996172295e-39,2.2525184785184354e-37
1.4283949293097583e-35,2.2765289989821046e-39,1.2666838900944669e-37
9.050933003759728e-36,1.796843116988606e-39,6.838017149202066e-38
6.563510974255309e-36,1.0905094391476916e-39,5.390360663712423e-38
4.955688820844141e-36,7.866107934258654e-40,4.5576556501237723e-38
2.303790826529658e-36,5.733930916322743e-40,3.995651253071017e-38
1.2321504137349892e-36,3.3274228602265058e-40,3.711147959653422e-38
5.928765707698053e-37,1.961403332005126e-40,1.9049951870058633e-38
4.353755405967802e-37,1.4778922256713576e-40,9.74110485574071e-39
3.03069702776774e-37,1.477083300297906e-40,7.752611759248149e-39
2.1821628865305392e-37,1.4762004524679716e-40,5.115302136828547e-39
1.0370368106947173e-37,1.4755657230321085e-40,3.023911483601808e-39
6.495007327161689e-38,1.0072709569396581e-40,1.7363408612047946e-39
4.923059709698037e-38,7.778169996663785e-41,1.046276046901712e-39
4.5110599424022855e-38,4.5667253452820224e-41,9.893531669366502e-40
2.4018193751032015e-38,2.7541160009561804e-41,5.3129712747129e-40
1.7846980981769086e-38,1.8302822484969106e-41,3.316801474476315e-40
1.1707448355079712e-38,1.2112715052571515e-41,3.1065478594300724e-40
7.406015672076228e-39,7.888773870583602e-42,2.856821387660671e-40
5.802288827882545e-39,4.007524769397026e-42,2.0072591102809876e-40
4.3184595054988154e-39,2.1577115030996174e-42,7.961193635325579e-41
1.6389955868126827e-39,1.9628398028962772e-42,5.231727319670332e-41
1.2088880590567631e-39,1.8920263051331976e-42,4.292268507806731e-41
1.010810309008439e-39,1.1156996925591117e-42,2.777847908165218e-41
2.459509677483547e-40,1.1154161758120981e-42,2.296483132133624e-41
1.0456468469424953e-40,9.46647310100172e-43,1.4852251319955681e-41
6.122752398370596e-41,9.34511003239133e-43,9.237715930426425e-42
3.810791720858244e-41,7.060132093749319e-43,6.129551740693301e-42
2.7429093810975376e-41,3.756433525990247e-43,4.017367198718056e-42
2.1925781548423314e-41,2.268106847577928e-43,2.359228228223974e-42
1.3946623090736107e-41,1.4349529784376304e-43,1.1717752850101653e-42
1.0748254121666895e-41,9.944642963110375e-44,6.572603141980814e-43
6.489074954361014e-42,9.924109880292109e-44,4.2014301852933475e-43
4.681353551672255e-42,4.97012615627248e-44,3.0724010158934976e-43
3.3977992057329255e-42,4.946005480570766e-44,2.531574938531174e-43
3.032669000367774e-42,4.821967693414595e-44,1.7138670783376467e-43
2.6188435383885792e-42,4.731494404465018e-44,1.1015316174277262e-43
1.8551547048330765e-42,2.0323628674160494e-44,7.088054630699923e-44
7.960112135350337e-43,1.3183123357413914e-44,3.317434351305817e-44
5.213971492758329e-43,9.368042211143013e-45,2.3780468805454616e-44
3.8687314490791714e-43,6.811637412348135e-45,1.2471779986614863e-44
2.5845036491525905e-43,3.109917555572747e-45,8.691464424333367e-45
2.2842042698850367e-43,2.1656141671446902e-45,6.144862920935727e-45
1.2913407420977023e-43,1.2930046936521794e-45,3.1709963984671756e-45
7.859233495707937e-44,1.0163159707586798e-45,2.8208871860148777e-45
6.818346918764266e-44,9.245898128835101e-46,2.3167805852513648e-45
3.8896229937496726e-44,9.245544378480543e-46,1.62293943987223e-45
2.729179673940239e-44,1.7656497263115314e-46,9.667566027403527e-46
1.5392922076668698e-44,9.753746280601354e-47,6.025440653706424e-46
9.543517154570366e-45,8.196127623137429e-47,3.574589533776436e-46
6.947465636570629e-45,4.432305203942008e-47,1.951919535971401e-46
5.311156389352885e-45,2.4544560695152644e-47,1.481088894725832e-46
3.2322086713561375e-45,1.3462381519220875e-47,8.011152119554481e-47
2.280903354118758e-45,8.814882552895855e-48,5.90841046479682e-47
1.722678415285472e-45,6.32855211575057e-48,3.4160989095433855e-47
9.708671077677774e-46,3.769447215118965e-48,1.8372509042375019e-47
7.855913537250712e-46,2.6920944061135377e-48,1.175410307510621e-47
5.800931034444256e-46,2.077486588520006e-48,7.673460418219627e-48
3.778404530851055e-46,1.6753445933014722e-48,4.7040187703776324e-48
2.4852113619005347e-46,1.0746961020228421e-48,3.492532999345389e-48
1.702241580212385e-46,8.524275603670637e-49,2.3777928879937338e-48
8.274395242720647e-47,8.366696674025122e-49,1.7875649081827273e-48
4.887419310627644e-47,5.7813634783334414e-49,1.0487069787920206e-48
3.423671642860224e-47,3.499096157587889e-49,6.701885830418487e-49
2.3709746349148055e-47,2.9368308086981332e-49,3.688766504369367e-49
1.5897288202754408e-47,2.4659579234101804e-49,2.5192358034172395e-49
1.1322035118333822e-47,2.2581123356838724e-49,1.73833363956054e-49
6.334340128484444e-48,1.858820070999795e-49,1.0292059778770501e-49
4.113130705857868e-48,1.4357022989351994e-49,6.569279334609217e-50
2.3232470580919862e-48,9.970533323287052e-50,5.283731041440916e-50
1.590874694377636e-48,9.374483174097723e-50,4.1311476971800634e-50
1.1852225714110331e-48,7.04039702408188e-50,2.407001980899585e-50
8.000208433306423e-49,6.026842963634524e-50,1.9609220015886145e-50
3.38046652658211e-49,4.68600919669538e-50,1.2606106454541592e-50
2.1730771628213444e-49,3.9857885868944737e-50,9.829508462105553e-51
1.5318509600483605e-49,1.7597240524084616e-50,7.441677450465922e-51
1.0667253859545953e-49,1.1260188965382215e-50,5.958800420230384e-51
6.369922693350738e-50,9.453440290235565e-51,4.1773748656549e-51
3.3422476809737587e-50,5.673956418769875e-51,3.756600662258536e-51
1.6813168918874268e-50,3.6897492583872807e-51,2.965269914665326e-51
1.0137334221599462e-50,3.1152426572493513e-51,1.6241593064652432e-51
4.9984785988466373e-51,1.9729353386446578e-51,9.361953304163282e-52
3.771823852513984e-51,1.2736849604838363e-51,6.306889979585756e-52
2.7545226364163025e-51,6.243490453446363e-52,4.0060397060422156e-52
2.098769831216792e-51,4.109462288241492e-52,3.0308561089764834e-52
1.552980193375361e-51,2.8416498609954262e-52,1.583620673566677e-52
1.4800585195807097e-51,1.3508481362819223e-52,1.1864209392317873e-52
7.416446942149372e-52,1.3507468209771423e-52,7.486677199861087e-53
3.2180383648209628e-52,8.918593514315349e-53,5.388962124969952e-53
2.055064486525441e-52,5.860843350039927e-53,2.997890925711896e-53
1.8139463935247123e-52,4.030725775580292e-53,1.431456864492849e-53
1.2683311642783108e-52,2.7125824984410234e-53,9.365942464850034e-54
9.045110996394952e-53,2.093415116232953e-53,7.140226013158826e-54
6.183999987321418e-53,1.1834852838104163e-53,4.856987370499704e-54
3.419046397382114e-53,8.08830727886205e-54,2.6832859720677697e-54
1.8172300445190154e-53,7.549749082014197e-54,1.4652508896539194e-54
1.3246858736335297e-53,4.2454314279227015e-54,9.31108635452192e-55
1.1063703893022861e-53,2.980380955232149e-54,7.076040071000376e-55
7.541365240530134e-54,2.012661665090032e-54,5.244816972896753e-55
7.351157974979851e-54,1.497144310426484e-54,3.2651852492538115e-55
7.065894438544637e-54,1.3026054988188504e-54,1.6482997707388215e-55
4.042948480001101e-54,1.2121312049892908e-54,1.3434100442040034e-55
3.2059191858669916e-54,1.0927337590792797e-54,1.1043062565020671e-55
3.1506936097932174e-54,1.0815328825304345e-54,5.230837990183498e-56
3.121369409103889e-54,9.008027169824504e-55,2.867315404579075e-56
1.6062377255401717e-54,4.79977020185606e-55,1.8050880463689524e-56
1.3019856413861163e-54,3.0798547734382788e-55,1.1512348060012463e-56
7.841497110910824e-55,2.1290402854892072e-55,5.518929194194988e-57
3.1188782393602926e-55,1.872859786204984e-55,3.182095722160089e-57
2.4597381388235867e-55,5.276788611070495e-56,2.792908703312347e-57
1.6507336667236245e-55,5.258492233099566e-56,1.8189869970073245e-57
1.0335614326297111e-55,3.4775689168453075e-56,1.6187927194614995e-57
5.306960588224743e-56,1.431865960632692e-56,1.425009724852527e-57
2.9870539167341293e-56,7.342515459246354e-57,7.801749699245891e-58
1.6979403466235105e-56,5.925340352686558e-57,7.192584810521805e-58
1.0981727200486624e-56,5.889030477468739e-57,7.003995851854592e-58
1.0444439147555807e-56,5.570884044164446e-57,3.6048960173612785e-58
7.755833885272179e-57,3.938767332634588e-57,1.918334447832786e-58
3.459666101242456e-57,3.028553235172313e-57,1.729405460265013e-58
3.1252243085317165e-57,1.4283864872092403e-57,1.2813207414901223e-58
1.3521010379962274e-57,1.3597975261421403e-57,7.0529935615658955e-59
4.91070307773605e-58,1.1279202789099404e-57,3.788448848526882e-59
3.6270173427267976e-58,6.3286857577818165e-58,2.5241201179615154e-59
2.7190949121518755e-58,3.1031591293413657e-58,1.6698635638312985e-59
1.9380132868502956e-58,2.6967254698530903e-58,1.498840895584469e-59
1.7119602210918396e-58,2.3528110861159288e-58,1.0947539498648825e-59
1.422083185580362e-58,1.5527450900239128e-58,8.39985182811739e-60
1.1348149497481922e-58,1.1686064560770846e-58,8.246688922865502e-60
9.912377999842684e-59,1.0820855286405683e-58,6.752896201756525e-60
8.326710008688389e-59,8.994211051927053e-59,5.833745908688568e-60
4.184690733258363e-59,6.655818413347661e-59,2.1414160134327168e-60
1.9766587219163655e-59,5.089610807480731e-59,1.0040978420750261e-60
1.5688668587472025e-59,4.181377592933985e-59,7.479818186906982e-61
5.592349540473986e-60,2.724975879900026e-59,4.359224966317786e-61
5.570663387908881e-60,1.691224313409277e-59,4.193266160412429e-61
3.390298146641553e-60,9.578569663547239e-60,2.1586243082802982e-61
1.1810073685373574e-60,7.507364044639208e-60,1.85000682441525e-61
1.0800836801717765e-60,3.480705133123314e-60,1.5822131892955277e-61
5.292509911911822e-61,2.8374397244995687e-60,7.974790608713739e-62
4.567506777543485e-61,2.6394993149503544e-60,3.738139315324797e-62
2.62689168239317e-61,2.1010136174662523e-60,2.4916745144667645e-62
1.673036687371175e-61,1.6455053996032606e-60,1.1450703241708787e-62
1.096675950350879e-61,1.459058889104822e-60,7.017382473045372e-63
9.389528582363388e-62,1.1522211911219038e-60,5.436076199279581e-63
5.9351330564180045e-62,8.5565871192441e-61,4.356020273922794e-63
3.4600476340357497e-62,6.0702577161053586e-61,2.511971155722788e-63
1.7062281720327264e-62,3.969402444235612e-61,2.1229831573496028e-63
9.178519099418143e-63,3.0585036882840763e-61,1.483103280958373e-63
7.315478128269984e-63,2.263656374292022e-61,7.777262198989454e-64
5.141726962601378e-63,1.754292102305712e-61,4.9648604936599615e-64
5.098881331097735e-63,1.3346758183732083e-61,4.058253468484127e-64
4.483059302133658e-63,1.3013932043293284e-61,2.5830528422603634e-64
2.8312056066418595e-63,1.0390490358511801e-61,2.028686250146594e-64
1.2086552332644294e-63,8.625977981855601e-62,1.4742866075657965e-64
8.98971531297478e-64,3.296834789041053e-62,9.922867990263982e-65
8.226426740162548e-64,2.4191813115445343e-62,6.557925974582259e-65
5.4019691855744383e-64,1.4248878573239512e-62,3.4356442731313984e-65
3.1741544792663646e-64,1.1700139975127485e-62,2.1031083574421765e-65
3.059537953848966e-64,2.712342885347524e-63,1.7009087265452671e-65
2.9947774257621354e-64,2.712307598471416e-63,9.8886470954306e-66
1.7174999132521747e-64,2.3317294195282398e-63,6.02235784279061e-66
7.998631429151919e-65,1.0816116892863426e-63,4.918305972976894e-66
3.84808502931076e-65,8.864194073439604e-64,2.780081226785512e-66
1.7401913010675408e-65,5.900770464678879e-64,2.3542500488375045e-66
1.2949606484408743e-65,4.279308519188984e-64,2.2306139006168842e-66
9.086945338112075e-66,4.277361877043558e-64,2.2022211348770964e-66
6.355293291395441e-66,4.275677457059122e-64,1.6081415367367555e-66
4.5449929012279966e-66,3.5568447353110796e-64,1.052889546400721e-66
1.7773266749265545e-66,2.8233731451703136e-64,8.618579177779642e-67
1.2855450800161288e-66,2.1921753470656875e-64,2.703034830698945e-67
8.283174394517179e-67,1.642759748076181e-64,1.6285050547133668e-67
4.7225973885013874e-67,1.413578496779455e-64,1.098133200522794e-67
2.8060200775075357e-67,6.390247115299883e-65,8.122688165028458e-68
1.246735139135512e-67,6.3901048809332395e-65,4.305009621066461e-68
9.309723234404506e-68,5.248114623751676e-65,2.6600679508217707e-68
7.1425363919829535e-68,4.0453490982657985e-65,1.4256599550563415e-68
3.908340222925799e-68,2.7071485487602717e-65,1.0495553145094945e-68
3.3161182993201032e-68,2.7068878594739537e-65,6.878821507768579e-69
2.4119954688160478e-68,1.1074349723310323e-65,3.699057324806205e-69
1.5289237051250057e-68,5.055010081190391e-66,2.3135690640554223e-69
1.1807851979949106e-68,4.771740313101404e-66,1.5732535161449458e-69
9.887317408547336e-69,2.913059692658773e-66,7.883501722640315e-70
8.522870791781871e-69,2.0790113539448935e-66,3.5268742529039655e-70
5.565757588836429e-69,6.716869798979663e-67,2.071539067427989e-70
4.682566695217311e-69,4.6147481992941204e-67,1.474084866530472e-70
4.1821456670203293e-69,1.4656281040671958e-67,1.2839341410800357e-70
2.4704039876780335e-69,5.91858650570768e-68,8.268061783427712e-71
1.9786121736550465e-69,3.5006774894983128e-68,5.313829543360208e-71
1.0893274906326651e-69,2.333098523383421e-68,2.9106597687605855e-71
6.86725320626709e-70,2.113434167538659e-68,2.8006118591043574e-71
5.198490578538454e-70,9.127288325778649e-69,2.770274625722351e-71
4.3698906422130175e-70,8.451740655709079e-69,1.473196574921791e-71
2.9630777968884904e-70,7.06303190326412e-69,9.23595076162676e-72
1.8086440743825883e-70,6.156417311741852e-69,4.678379730836003e-72
1.225587865915663e-70,4.082064028803823e-69,2.7994151485264934e-72
8.904229783536483e-71,2.95128901240804e-69,1.6351419539848012e-72
4.718680177819812e-71,1.6725527913528994e-69,6.611476523140116e-73
2.8250095041871268e-71,1.2657799814194866e-69,5.753699465046487e-73
2.1130605317408982e-71,8.383278324009436e-70,3.3487449563286165e-73
1.4569235726592688e-71,6.049276564114304e-70,2.1651425357225757e-73
1.0988442030834916e-71,3.515933059151308e-70,1.541815586893852e-73
5.518990163124388e-72,2.6645630269843116e-70,9.926498902721986e-74
2.6379673030475887e-72,2.3228503141155472e-70,5.7254085554783824e-74
1.5885398849747603e-72,1.6224929416922312e-70,4.734596281026232e-74
1.0535243597263722e-72,1.2668344888376146e-70,3.67143047627405e-74
6.47665151377754e-73,1.1456881762116351e-70,2.3988724638639015e-74
4.6244254629198124e-73,1.0910568651994647e-70,1.859738570950687e-74
3.781257837884669e-73,9.032456509955314e-71,1.719084994191919e-74
2.998810606671967e-73,6.4836664335561295e-71,1.0635761674156807e-74
2.2911881389375315e-73,6.446928038102937e-71,6.315136640148343e-75
1.7491123623265644e-73,6.442525774317317e-71,3.661485415401454e-75
1.3868548950526942e-73,4.525958952291997e-71,1.5591220142195662e-75
9.460257220332996e-74,2.493179976292188e-71,1.0303350135169914e-75
7.062289188949516e-74,2.3867625811927315e-71,6.510586472323236e-76
6.6167191478340694e-74,1.2033372255539491e-71,4.2931100969023905e-76
2.9897149208454492e-74,9.561583153582112e-72,2.1026391522495616e-76
2.9323432333932443e-74,9.544804905512592e-72,1.606794183596175e-76
2.769563140344865e-74,3.6040166525971845e-72,1.510002636806207e-76
1.1165006224292717e-74,3.57029901645821e-72,1.405564914580499e-76
7.746228264879688e-75,3.465756754017927e-72,1.0249673794386575e-76
3.3677364939948007e-75,2.7674693288100624e-72,5.036337364506764e-77
1.0081672083165683e-75,2.1856487703826256e-72,4.1317765125283924e-77
9.341810654663219e-76,1.4515731898493117e-72,2.4930076714449112e-77
8.993179327975835e-76,8.908758611014683e-73,1.860252546984047e-77
7.935515009817664e-76,4.202633049695707e-73,1.025655464295126e-77
4.9400927359414394e-76,2.781226922455382e-73,7.25952644723894e-78
2.895286168729749e-76,2.5853239256517768e-73,4.7926897739932965e-78
2.3991220524216583e-76,1.4900338281597425e-73,2.0887224517559077e-78
1.5745412875078542e-76,1.4867171208330766e-73,1.126044959032024e-78
1.1782672634827948e-76,8.109011566777144e-74,6.274097994326977e-79
4.9168524182391115e-77,3.049201231276011e-74,4.785957094857767e-79
2.7462874108965312e-77,1.5633968061938914e-74,3.392391089556771e-79
2.348795825328066e-77,1.2109709794148754e-74,1.7736505712569064e-79
1.0138982895016762e-77,8.385361715250387e-75,9.06063307909393e-80
4.941160455887502e-78,5.714601394525198e-75,5.7342260494307994e-80
3.899758918125806e-78,3.2222703756683787e-75,3.791369726529426e-80
2.3846961157663144e-78,2.596529399587183e-75,2.9491243268322426e-80
1.6173575071489384e-78,1.904845750042984e-75,2.2607950004032184e-80
1.0677133306744147e-78,1.3851131473298142e-75,1.2857005743450916e-80
7.13274633212609e-79,7.524481257457439e-76,1.0760498611402045e-80
4.2926717608325427e-79,5.744931078459704e-76,6.447303847915974e-81
3.4428709616765365e-79,5.0989309722541713e-76,3.6223531472484567e-81
2.8507733696780723e-79,3.923118971808414e-76,2.379567556573672e-81
2.1949269684336542e-79,1.9757061328095747e-76,1.263831272595334e-81
1.366955331102676e-79,1.0238490482046345e-76,8.792046853877243e-82
1.0592007769314812e-79,9.126712205123188e-77,5.617763816346215e-82
6.550504827379923e-80,5.3616707790662216e-77,3.1820582514047565e-82
5.45849794079816e-80,3.166372364985957e-77,2.0041422752264556e-82
3.616845044424068e-80,2.125370166967538e-77,1.438397887801554e-82
2.0743261742850016e-80,1.295298930465003e-77,1.1307882267131742e-82
9.480938320618745e-81,1.100616636707389e-77,7.821137654854984e-83
8.596267135150486e-81,2.972912932088562e-78,3.9658512247236966e-83
5.913107066794048e-81,1.944313270722125e-78,1.992280100583614e-83
4.0424931957504387e-81,6.907624922049823e-79,1.5473369711035973e-83
3.015887164903932e-81,4.653738133583383e-79,1.2843822339755904e-83
1.4235174721482977e-81,2.3115513838771474e-79,9.39992883818873e-84
9.005135734213452e-82,1.927405949846163e-79,5.17790372407538e-84
6.575578405717182e-82,1.2538538311673821e-79,3.033945859055236e-84
4.032219925826905e-82,6.343385428023163e-80,2.7324400905741544e-84
2.5294107098612508e-82,4.326188569429554e-80,2.430053155241813e-84
1.669871152031438e-82,2.256649308487826e-80,1.8927187966866718e-84
1.3161088609832056e-82,1.0325270003377058e-80,1.0150446219783882e-84
6.5393905988229055e-83,3.404894329786702e-81,6.743044789015766e-85
4.291593118819677e-83,2.313606622377471e-81,5.194939860023878e-85
2.6648258929272245e-83,1.3658403816254984e-81,3.7250904869725624e-85
1.931271295022676e-83,8.875015935625503e-82,2.579633176913468e-85
1.4566756913165455e-83,5.816363142094527e-82,1.48386537982549e-85
9.967373678545406e-84,5.185885082713123e-82,1.065961894244014e-85
7.032724878743842e-84,3.4519507386207286e-82,7.181184057595466e-86
3.841439880728583e-84,1.6876354573414874e-82,6.3389064964657694e-86
1.7315212154979638e-84,1.674571077833898e-82,5.0087679739448605e-86
9.507675573114557e-85,9.074162898545317e-83,4.153964201503674e-86
7.328782905107395e-85,3.539369927166163e-83,3.003811539027689e-86
6.234225158201636e-85,2.3263341492275157e-83,1.3224652612187778e-86
3.757085781241857e-85,2.1975024504012147e-83,1.1346876499478127e-86
2.3060533621683537e-85,2.180369088006486e-83,9.308028599482579e-87
2.1666822306322635e-85,1.6911752853008224e-83,6.068679367843127e-87
1.716830554515193e-85,9.623093400835396e-84,5.094292577655101e-87
1.1285215207769337e-85,4.78674133693592e-84,2.6210273196837054e-87
6.493302833332643e-86,3.5081773678810337e-84,1.5032190778350296e-87
3.9723622748204665e-86,2.636003050002285e-84,8.528164158620323e-88
2.926803089276224e-86,2.0897796743379734e-84,6.298288847601574e-88
1.9338683810358145e-86,1.975286948600183e-84,4.7640742567127924e-88
1.2243405032783304e-86,1.6634297635316582e-84,4.160913395638959e-88
1.0283594210769472e-86,7.476523027947911e-85,3.192714074722924e-88
8.316059118453518e-87,6.859614976075882e-85,2.3565689157516544e-88
7.398770607159433e-87,3.789482184773164e-85,1.192586565673082e-88
6.763793917871907e-87,3.7420954831613664e-85,8.992487020156784e-89
6.48611085218068e-87,3.626714353040263e-85,8.044810469963195e-89
5.864049119403464e-87,1.65576502473908e-85,5.196814690854595e-89
5.7902833111689105e-87,7.04226803572091e-86,3.650756125280049e-89
5.6379385483897865e-87,5.397370040937305e-86,3.0727381726038356e-89
3.963819619433323e-87,4.3559643310958306e-86,1.772682540827868e-89
1.9787274546750028e-87,2.891810388473982e-86,1.2433339854007326e-89
