pso,hgapso,logapso
7078.954468032463,6491.725039689427,7037.451203223072
2369.4615650635774,2338.53296825332,2343.6180462005723
1087.2251003466001,771.508508959342,1104.1374520975005
532.4947793567143,276.73201146348794,537.0712930481733
303.208958476319,90.23269793263059,296.52236896812894
194.681815694278,30.69484040398954,187.88374441405261
129.86658086924135,10.333233188788025,124.11558800151758
90.88678142271661,3.501555976233449,84.92569541196451
65.29051832809921,1.2125555072431724,59.3886143843406
48.307781992705245,0.4464138040817149,42.57514832369892
36.303003423935436,0.18881417120935104,30.025753120700756
26.87888093867246,0.08734880687288545,21.628586813148946
20.447955192267965,0.032966612873949086,15.527549611957976
15.230789012673588,0.011103800238625899,11.03521747538179
11.282702545951372,0.0036023109084224987,7.98513069979453
8.308726918508773,0.0011216669524121644,5.715648768954034
6.133387489806407,0.00034527776178557457,4.153592548899614
4.492000408077553,0.0001365851176584703,3.068006014665186
3.2920593982415722,5.804172709176985e-05,2.225787895323948
2.395145167815303,2.4918703230529677e-05,1.6491841451163065
1.748059461358236,1.0147074488851361e-05,1.211623453788872
1.2536570085591847,5.452192090209612e-06,0.8941887723497374
0.8694925980913858,1.7147786913290517e-06,0.6536579153277036
0.6043648793358949,7.846092038534782e-07,0.47851564318878576
0.41869202595986243,3.539109710301174e-07,0.33971847299380653
0.28003616502058454,1.8143800025663734e-07,0.24740008409579245
0.19028534556089166,8.669854137740857e-08,0.16785683780793254
0.11542487168188269,4.8451682759175746e-08,0.11159220543409902
0.07413605069036674,1.751250652434271e-08,0.07076033411997662
0.044355292568137396,9.84748091236885e-09,0.04577520085122131
0.025593247586514812,4.488972092993183e-09,0.028716323685257183
0.014866398972855115,2.4294876321643847e-09,0.01575957830051888
0.00828035785038429,1.3590004278821765e-09,0.009131840043160401
0.004665605082519326,7.164442903148115e-10,0.005309769165505914
0.0025557094833878195,4.1953298281625803e-10,0.0027272802982293786
0.0013950952138221838,2.0048519907785157e-10,0.0015323939409052514
0.0007835667829548807,9.457057067345847e-11,0.0008545928840499016
0.0004248551337827868,3.0233445139398144e-11,0.0004928007478344822
0.00023914009157001144,1.593940975967923e-11,0.00028921698657274387
0.0001318465397530721,9.998285834877185e-12,0.00016885691919968937
7.337997134967297e-05,5.804039314195614e-12,0.00010192371589454698
4.1928741850224076e-05,3.951616077447685e-12,6.027325223590779e-05
2.3589063796257902e-05,1.7246060996078013e-12,3.582632498847602e-05
1.3573698095447497e-05,5.596102094961453e-13,2.037519258138568e-05
7.739468471388828e-06,2.912905916805354e-13,1.1349180436469537e-05
4.359091239437535e-06,1.3872233249791587e-13,6.2984255886376995e-06
2.5750232925547457e-06,8.298338617685134e-14,3.5214572669308632e-06
1.4558887365744426e-06,4.0578256997665105e-14,1.8582735010502748e-06
8.326874437408135e-07,2.320955527548627e-14,1.02999507318904e-06
4.870417316182961e-07,1.0223682617944944e-14,5.312548660706182e-07
2.7202407768309167e-07,5.534994074652402e-15,2.9767780033950056e-07
1.5898801627555623e-07,1.8982853731821083e-15,1.6804832840598093e-07
8.452597279475438e-08,1.1001441187358214e-15,9.177879248109002e-08
4.7267048712373315e-08,6.060264668570955e-16,5.348127792947819e-08
2.7020117094037268e-08,4.0384564049725245e-16,3.1068326011971304e-08
1.541743610506987e-08,2.114226481834331e-16,1.8632399035935e-08
8.791250063161723e-09,1.2251780360626224e-16,1.0579190504105477e-08
5.433595450994975e-09,6.683466081895731e-17,6.18097074864471e-09
3.2071018127419505e-09,2.415634897272786e-17,3.6295639706185468e-09
1.975347183889068e-09,1.1595436229786165e-17,2.177300144238874e-09
1.1946515766933064e-09,5.716303332177265e-18,1.14290631224593e-09
7.322329265308759e-10,3.578391428270527e-18,6.641099265608996e-10
4.4986926579538627e-10,2.09409439446751e-18,3.3695082724000067e-10
2.521249392941994e-10,1.2455820952581433e-18,1.9848437540834923e-10
1.4800854188399936e-10,6.6686267196987e-19,1.1047397645873783e-10
8.840993058321773e-11,5.064853631978936e-19,6.15805537474911e-11
5.301597701038768e-11,2.492040369987461e-19,3.5752171153822674e-11
2.90572263650215e-11,1.752485461923042e-19,2.0930908269993597e-11
1.684362266995127e-11,1.2868781741814175e-19,1.269503920004823e-11
9.80343056773087e-12,1.000815769366225e-19,7.032685875362889e-12
5.751469114284298e-12,7.361045160027895e-20,4.144172582446264e-12
3.2260452688234622e-12,4.848073352951829e-20,2.3160370102774406e-12
1.875848470093945e-12,4.47885837350649e-20,1.377113186794112e-12
1.1012756985576437e-12,3.273589848684305e-20,7.731800850418518e-13
6.224237054240991e-13,2.3456476333123715e-20,4.360937244956973e-13
3.5309044505491217e-13,1.7645203394166178e-20,2.5722438772533866e-13
1.947755222185168e-13,1.1356979917740762e-20,1.5461101278350547e-13
1.0583968329549787e-13,8.69285785783179e-21,8.667970547681681e-14
6.158751088133557e-14,6.2314930964975946e-21,5.144833139985499e-14
3.3572469451957465e-14,5.37196030740277e-21,2.779831642362102e-14
1.8186617070454325e-14,5.068833524457281e-21,1.5881690484841898e-14
9.970542802215482e-15,2.891886679398313e-21,8.874687312658062e-15
5.748409247339575e-15,1.0439977839206137e-21,4.896919776024148e-15
3.2883447074331965e-15,8.00063362505398e-22,2.846673304981772e-15
1.855813724359614e-15,4.370907364472632e-22,1.6341659676911724e-15
1.079515575038148e-15,3.189655371253002e-22,9.076894673018414e-16
6.204200711522693e-16,1.9976897950520877e-22,4.988306825826272e-16
3.6706990318970285e-16,1.3040387753843632e-22,2.8515654406236196e-16
2.1267168757232578e-16,1.0074001438940354e-22,1.576416244344487e-16
1.2057149263657591e-16,8.781507322280744e-23,8.867068019105089e-17
7.420087179879342e-17,5.619640886649579e-23,4.95097478580391e-17
4.175053822903146e-17,3.804905082276209e-23,2.841507872301912e-17
2.4561459176521084e-17,2.4896284060547165e-23,1.5934180079992012e-17
1.3681597698528778e-17,1.1388688847015551e-23,9.35122770314983e-18
7.954530038361292e-18,4.8941507836318766e-24,5.2493582127275255e-18
4.5835004834537705e-18,4.048139845106306e-24,2.996477293470095e-18
2.6132382202869026e-18,2.7185200992381446e-24,1.774446174786636e-18
1.5248365921950066e-18,1.5547219311096061e-24,1.0363211409716586e-18
9.165154488473279e-19,1.0782378345526041e-24,5.959756359823498e-19
5.332831115870306e-19,7.801404472950402e-25,3.274963488919536e-19
3.157391500298931e-19,5.778314238537713e-25,1.8656438266819392e-19
1.9034363337116158e-19,3.6611442456640073e-25,1.0716344527151613e-19
1.1404666821270934e-19,2.400654883391779e-25,6.094168740605708e-20
6.490104242470401e-20,1.68998157138729e-25,3.516080199926901e-20
3.8644450060450096e-20,1.4515647870014173e-25,2.0294062806842804e-20
2.0863151707365306e-20,9.626464660311077e-26,1.1849813629080794e-20
1.1701806123327909e-20,4.770715100434403e-26,6.578930602562254e-21
6.779315817936914e-21,2.971357893262774e-26,3.966794462385815e-21
3.976149810836379e-21,2.2130356268719817e-26,2.307372765805227e-21
2.1901563559792664e-21,1.2634793697013891e-26,1.3065547748683368e-21
1.3119037253479244e-21,7.12633802226376e-27,7.569586803547561e-22
7.002659220765907e-22,3.9774226731336865e-27,4.384386380643657e-22
4.124797301764289e-22,2.94019658626821e-27,2.672311755164552e-22
2.3927464605396564e-22,1.7791858211124345e-27,1.5310782870442924e-22
1.333239428988223e-22,1.3489948718804467e-27,8.822733032007595e-23
7.362992346114546e-23,1.0495876519038852e-27,5.176342279767576e-23
4.3594500068714563e-23,8.629483716138645e-28,2.930983568243471e-23
2.4781253530223548e-23,7.878069577993587e-28,1.5800462334205718e-23
1.3579759214892724e-23,5.079121703445547e-28,9.003769290008645e-24
8.078868004471318e-24,4.660448706148526e-28,5.26709361649669e-24
4.547339794646255e-24,3.7262988623872572e-28,2.960870428287457e-24
2.5544431277607956e-24,3.649953190077015e-28,1.647482912987474e-24
1.4697127665482871e-24,2.1400918300101223e-28,9.789332299126075e-25
8.513713909987934e-25,1.9890414449154758e-28,5.674423965548656e-25
5.126734458656981e-25,9.88102993269202e-29,3.2798207232054826e-25
3.023568258986868e-25,8.344929452519745e-29,1.8205254761108973e-25
1.7033646935301933e-25,6.613761495872976e-29,1.0114564356863058e-25
9.366589027198326e-26,6.13019200428814e-29,5.92396154556969e-26
5.645435861983337e-26,4.7242565051490096e-29,3.260528034737738e-26
3.292352622434097e-26,3.6549200401323587e-29,1.8608088383943266e-26
1.9004292854029095e-26,3.207955203929911e-29,1.0111833722017808e-26
1.0905013784225927e-26,2.459926040173947e-29,5.737120326317924e-27
6.1894812342963825e-27,2.0654153353968662e-29,3.1493595662831226e-27
3.5065861428598854e-27,1.9370105623856495e-29,1.7260295095005512e-27
1.9478085503523414e-27,1.9266107695141e-29,1.0131716134053452e-27
1.0989302126963547e-27,1.1762510865191176e-29,5.518121315292647e-28
6.410414868372531e-28,1.1719382675511976e-29,3.259434355376642e-28
3.696707350545585e-28,1.1622727118142526e-29,1.7917950439312536e-28
2.171228206043045e-28,7.39397730424637e-30,1.057410541345955e-28
1.252052406941701e-28,4.6311170750872716e-30,6.188999440528007e-29
6.981773850994032e-29,4.53305431725734e-30,3.6839207127601914e-29
4.036089484532752e-29,4.40015309623814e-30,2.0744670243595615e-29
2.3731847460553203e-29,4.2666536036941454e-30,1.1737771179240398e-29
1.3430932695712268e-29,3.5074693010971675e-30,6.933414082680637e-30
7.865999130288864e-30,2.045827979569713e-30,4.066178381188474e-30
4.531074356541471e-30,9.85832941924332e-31,2.4104928132733108e-30
2.7037139205716284e-30,6.266343427597397e-31,1.4309559156642777e-30
1.5289866312695055e-30,4.591879246542946e-31,7.620198870274626e-31
8.514903789576016e-31,2.782293449716061e-31,4.652914028853986e-31
4.8389394772801035e-31,2.128454834572648e-31,2.4291167454686006e-31
2.763418953955508e-31,9.421564247378183e-32,1.3326208201314734e-31
1.5020282969872359e-31,6.160886348805434e-32,7.475639519143654e-32
8.736949732474225e-32,4.991344622662723e-32,4.1452209293753733e-32
4.8417371008672286e-32,4.687194356587495e-32,2.3479832985657306e-32
2.8484877060563396e-32,3.89162864437213e-32,1.2828947417854744e-32
1.6662635066102433e-32,3.846691540837108e-32,7.02807762862711e-33
9.370153005732731e-33,2.5251747995586325e-32,4.023819369688691e-33
5.313221983704195e-33,1.9891324792424847e-32,2.285639563534684e-33
3.001700693464724e-33,6.397229345890588e-33,1.3227841322895693e-33
1.6781048809852073e-33,4.1062929120773265e-33,7.6191416731922415e-34
9.585816108905659e-34,1.949936352418164e-33,4.523807621284306e-34
5.453186107777992e-34,1.8485401443996266e-33,2.68217583429015e-34
3.0837103354866953e-34,1.5276694535772164e-33,1.6483133449121394e-34
1.8137426808233512e-34,8.453307369636065e-34,9.464637685540654e-35
1.0701909112086164e-34,5.810726335061177e-34,5.472949903820651e-35
6.453614190194222e-35,2.75653434476964e-34,3.0568236676842063e-35
3.7504572343785124e-35,1.2529531881927064e-34,1.8404672385488104e-35
2.1111486304937345e-35,1.0242291291715182e-34,1.0272953480545298e-35
1.2858649855921037e-35,6.703288974309147e-35,5.945471440299038e-36
7.048859570490134e-36,5.155250415076301e-35,3.352064634534625e-36
4.1706871554708994e-36,4.3939003853848084e-35,1.969622749583411e-36
2.4721466375026626e-36,3.4811718423071375e-35,1.0978206553191944e-36
1.2999372149587041e-36,3.090123277154538e-35,6.470456131926613e-37
7.53895865834137e-37,2.3285024401373198e-35,3.923488235223351e-37
4.104658143195856e-37,1.825767731442659e-35,2.371964801635472e-37
2.4454947661929346e-37,1.504659830200649e-35,1.3717551724674433e-37
1.3630668628120606e-37,1.3217151659969254e-35,8.13650498085907e-38
7.930485042768014e-38,6.591419756540958e-36,4.815989609907484e-38
4.630157733557805e-38,3.9043859383712836e-36,2.7023694602204524e-38
2.783107364341868e-38,3.4739793914428166e-36,1.588084196570156e-38
1.7039315415101133e-38,1.7907358419732328e-36,8.51410925188129e-39
1.0545586554007267e-38,9.306671076483563e-37,4.8246192652401193e-39
6.481120075908068e-39,8.911316260701933e-37,2.690729719384546e-39
4.2725686127587187e-39,4.331984339146449e-37,1.4641184101158395e-39
2.7828830624908087e-39,2.314450949232793e-37,8.050846419081252e-40
1.8577579109155265e-39,1.7578598986373173e-37,4.59174450067851e-40
1.2159792611010877e-39,9.448976774238513e-38,2.6170141530999095e-40
8.71609795235631e-40,7.448593148074276e-38,1.478556794955682e-40
5.916015860988989e-40,5.970513510341239e-38,8.612370777623559e-41
3.745953655716106e-40,3.442151480912811e-38,5.174537954648914e-41
2.493197288487745e-40,2.8074122321437565e-38,2.9428952815724044e-41
1.6127512208076562e-40,1.6482787877144134e-38,1.7712187313623532e-41
1.0095476591910645e-40,1.6339287639250156e-38,1.0490936059961272e-41
6.18425890165913e-41,1.0001877124614955e-38,6.352293577619699e-42
4.015842635982179e-41,5.5097648936525505e-39,3.7901151421172815e-42
2.4360421752353286e-41,5.302862952497258e-39,2.2195280525838266e-42
1.4290487673977277e-41,4.482162790258701e-39,1.3291482915274697e-42
9.554593305904264e-42,2.3190296316444207e-39,7.600709833698178e-43
5.2894518336608414e-42,1.7868959965513568e-39,4.254655992863687e-43
2.8371059581473292e-42,1.2124841715684145e-39,2.3967344155898174e-43
1.4817585975600028e-42,6.568472827809184e-40,1.3660961903869984e-43
7.82273516361592e-43,4.0847897554236755e-40,7.571437931930304e-44
4.370788341750445e-43,3.013614230025752e-40,4.482247981965505e-44
2.371052064632286e-43,1.844997301977519e-40,2.437240515727865e-44
1.3149561209980296e-43,1.1707825261692535e-40,1.4157197690255587e-44
7.10405912180743e-44,1.0209578409116049e-40,8.162687201575943e-45
4.1038453610325073e-44,7.958933475392819e-41,4.735145178858141e-45
2.2212404344599886e-44,3.4631488301453946e-41,2.865250313104014e-45
1.1767664428199384e-44,2.399041375164811e-41,1.7053454369633134e-45
6.779733219559618e-45,1.3489143476698679e-41,9.747915596357895e-46
3.9241436626398354e-45,7.704673070490471e-42,5.755915624566718e-46
2.120660460407925e-45,4.971237686879832e-42,3.4451668458814627e-46
1.2494029016664085e-45,2.8114661973749336e-42,2.022618977549795e-46
7.461850469730047e-46,1.8420714705733028e-42,1.1992822898570106e-46
4.707211237363943e-46,1.0733988698636812e-42,7.005218339742876e-47
2.7621355490794283e-46,8.749515745789502e-43,3.8763915238626595e-47
1.8642696489682405e-46,7.023920640014078e-43,2.331982781319868e-47
1.1768007490481495e-46,5.6917039863285325e-43,1.3468061864862478e-47
7.101194865757148e-47,3.842906785481779e-43,7.653029806605328e-48
4.410320565076066e-47,3.59580050379813e-43,4.3422823080060383e-48
2.770197608561074e-47,2.1461182761928754e-43,2.487973979022842e-48
1.5769266062096228e-47,1.6586477711073467e-43,1.281256642700912e-48
1.0077221956979317e-47,1.0829964949731928e-43,7.222379770957672e-49
6.770467545606174e-48,5.847996390689162e-44,3.893086637819416e-49
4.442407631050078e-48,4.0661283058364594e-44,2.200464276548938e-49
2.9999837001808723e-48,2.992699993670718e-44,1.212749689500994e-49
2.000647218547247e-48,2.154544694436265e-44,6.717225644015837e-50
1.3464224830677047e-48,1.453835077134615e-44,3.934821434755476e-50
8.672498050278992e-49,6.858613803546783e-45,2.1822102599495514e-50
5.9721894995564386e-49,5.3330096003164104e-45,1.2273194119870005e-50
3.834278204528352e-49,4.0698060172558077e-45,7.124091284635679e-51
2.3009464943302765e-49,2.6792969834416318e-45,4.1477995985296527e-51
1.359467522061944e-49,1.930921118006945e-45,2.470972605825681e-51
8.274266544722021e-50,1.4192879915104494e-45,1.3967028342769533e-51
4.990191937950368e-50,8.0775155168124e-46,8.476433282383961e-52
2.9342481729535055e-50,5.7810523754881375e-46,5.0532186309793016e-52
1.6960367636212435e-50,3.7747601923706284e-46,3.0479984014305654e-52
1.0596545071945865e-50,1.80561222596369e-46,1.6640423368187778e-52
6.658984427520136e-51,1.3240681873808306e-46,9.719834530657881e-53
4.0510437273847674e-51,9.932210548130499e-47,5.741540947071371e-53
2.3962012327414792e-51,7.61216793386398e-47,3.3494092928912524e-53
1.5060920082116316e-51,7.050172480992204e-47,1.9814838638564462e-53
9.015253374260672e-52,6.30238400586802e-47,1.2133541246529164e-53
5.6115762251656754e-52,4.926765763989105e-47,7.180102275134682e-54
3.075116195111091e-52,4.711842704815342e-47,4.2878748392250325e-54
1.7986653648559504e-52,4.591034651892818e-47,2.2560150150363234e-54
1.1099695990900344e-52,3.91964511783806e-47,1.2962251542121063e-54
6.367334699007132e-53,3.21558929397882e-47,7.160460889851706e-55
4.1306790010253595e-53,2.7109759795474286e-47,3.818807688305119e-55
2.6155690783165396e-53,1.4697585407749882e-47,2.223402350194827e-55
1.4269087888044861e-53,9.721617017383709e-48,1.2586635436141132e-55
8.357287360369527e-54,7.577934431594558e-48,6.351847430135476e-56
4.8292100238982207e-54,5.396848619627246e-48,3.6553963202208895e-56
2.357386898407665e-54,4.133439022726425e-48,1.8861358255064556e-56
1.3176529378966063e-54,2.336117918805055e-48,1.0331069045552584e-56
6.754452228805837e-55,1.4782577374179598e-48,5.541311043613948e-57
3.73592583967939e-55,1.0996229522453671e-48,3.0966061868520157e-57
2.1942239168071725e-55,8.808391212663545e-49,1.7582013330622546e-57
1.2698483913095893e-55,5.0830747827971645e-49,1.040496880611091e-57
7.600539558128972e-56,2.5261940019286065e-49,6.198374617844916e-58
4.185802046384665e-56,1.6371590083513137e-49,3.842685331303796e-58
2.8730680872216417e-56,6.448313362528417e-50,2.2709220493463016e-58
1.6920437109532027e-56,3.8510987486914586e-50,1.4612092441986568e-58
1.0509257093140692e-56,2.4734138412878237e-50,8.668752599666043e-59
6.594832717173185e-57,2.1299191915773214e-50,5.472277702968973e-59
3.8924995452976865e-57,1.0344442690021017e-50,3.4791192469517896e-59
2.4678598784345556e-57,8.231437163116541e-51,2.1208837077071497e-59
1.4610147717776936e-57,7.534291380200555e-51,1.3396731059568118e-59
9.68070290330287e-58,4.2863125313139056e-51,8.820823970234436e-60
5.9389059096998406e-58,2.715642801051619e-51,5.127532229902033e-60
3.120103880983743e-58,1.3769310525593325e-51,3.3222580248473553e-60
1.9793783831277242e-58,9.983199820961667e-52,2.0771867473469937e-60
1.230887438125582e-58,7.892412736124811e-52,1.3095962911563887e-60
6.248604346390663e-59,4.932274861950181e-52,7.704676252825532e-61
3.660599802358531e-59,2.9427495071526335e-52,4.885101688871972e-61
2.066130321298273e-59,1.7386197662801005e-52,2.979985100967134e-61
1.148492059222224e-59,1.1662111874725867e-52,1.7114209019909792e-61
6.88851519627139e-60,8.139596248124694e-53,1.0353767116783135e-61
3.962371109278834e-60,6.718190326357591e-53,6.2171091119740375e-62
1.9814377209701298e-60,5.6340631155066005e-53,3.864719149586658e-62
1.1300781610202324e-60,3.2024434087494057e-53,2.191619588819235e-62
6.243061953465674e-61,2.0888211214551604e-53,1.3599999489074773e-62
3.5785758817098635e-61,1.0567401773626912e-53,8.129371351373145e-63
2.1637231054522447e-61,9.539151028636164e-54,5.007226974036756e-63
1.267817527059568e-61,7.724684265734769e-54,2.6178485329583193e-63
7.689838100014068e-62,7.12091475575534e-54,1.4383069149432507e-63
5.433171565812712e-62,6.679158106947732e-54,7.656843806265482e-64
3.3032958853012488e-62,5.403391945834068e-54,4.2936604503231595e-64
2.0423257877177785e-62,3.663198649079041e-54,2.312960941135975e-64
1.347925946004803e-62,2.919054216086273e-54,1.2760019821575092e-64
7.869775588729452e-63,1.8514628270339184e-54,7.45701057120392e-65
5.279937970144925e-63,6.8222120579453e-55,4.404945542003295e-65
3.271806012543919e-63,4.494292911996842e-55,2.3568545434471815e-65
1.822268894546179e-63,3.1066617245318843e-55,1.4540791376216062e-65
1.1693370167634885e-63,2.316447979813227e-55,8.285722457476748e-66
7.610249065053856e-64,1.3451603547098893e-55,4.952842124044956e-66
5.0230403753517e-64,6.0632091720481325e-56,2.9712888831817434e-66
3.439198996259459e-64,5.146662462116354e-56,1.7072081364671109e-66
2.350728329119737e-64,3.9774994092993307e-56,1.0553572973218452e-66
1.555060766519798e-64,2.832291036055117e-56,6.055713506174444e-67
1.019379127924087e-64,1.4713058818725448e-56,3.745240431246089e-67
6.577982330873187e-65,8.476807411636469e-57,2.1642854231290666e-67
4.239062931437243e-65,6.419503467795418e-57,1.3013921842383497e-67
2.506991802765729e-65,5.57031921524838e-57,8.104162177953193e-68
1.6586001011285114e-65,4.0456177800055503e-57,4.8840585676384875e-68
1.0171639004403379e-65,3.2315285149090005e-57,2.9003109166510775e-68
6.393315496559236e-66,2.444612912293961e-57,1.7649570984143887e-68
4.118976756137564e-66,2.116961251729183e-57,1.0201301288533001e-68
2.3767678617741693e-66,2.1040572314461343e-57,6.443702776299759e-69
1.5731339333959383e-66,2.0775361357800182e-57,3.9977739292396474e-69
1.0298262175830685e-66,1.612863753775731e-57,2.383143015503569e-69
6.441656531722057e-67,1.0059290633605856e-57,1.4200191118605586e-69
4.14723397094625e-67,6.840604929487552e-58,8.43588289771069e-70
2.8197341654159157e-67,4.763699534503934e-58,5.17038082013377e-70
1.7990517893654446e-67,4.3969301720714605e-58,3.182376234864514e-70
1.1760732336183397e-67,3.2875384414193335e-58,1.8333016957992354e-70
8.349143741786463e-68,1.9508663470871173e-58,1.1744101765134005e-70
5.515622607066958e-68,1.5852657937529026e-58,6.979730066389432e-71
3.6781602788047825e-68,1.0359776261182364e-58,4.487380402462456e-71
2.3548216954651347e-68,7.407059793771426e-59,2.488465719708841e-71
1.6371051497087516e-68,5.771375749781443e-59,1.5462593100005096e-71
9.873158506215762e-69,5.458865483981798e-59,8.909821926843044e-72
7.049973850468276e-69,3.3545566502200085e-59,5.203749331636875e-72
4.71072468541917e-69,1.9239510778655361e-59,2.9296345810174243e-72
3.157580671672644e-69,1.5580233703986174e-59,1.739561279262135e-72
1.9594580195844832e-69,9.592264300053444e-60,1.0457637947969671e-72
1.4539473881125558e-69,9.196290903760253e-60,5.992851790522471e-73
9.407844916985041e-70,5.195088517544648e-60,3.5903424860015614e-73
6.8926342418418e-70,4.801459559176178e-60,2.082070541034737e-73
4.613992279346881e-70,4.5075505310921436e-60,1.1568921388461946e-73
3.104385336443648e-70,3.909826652526441e-60,6.2063592175133135e-74
2.1270884934922523e-70,3.8766387477443663e-60,3.675074327283748e-74
1.6069399416437048e-70,2.578120032500202e-60,2.2142870787054525e-74
1.2003907502769671e-70,1.4713814694012537e-60,1.3041701260591437e-74
8.059064220403754e-71,1.2595454994255518e-60,7.43085717467634e-75
5.848245105434314e-71,8.381320562234612e-61,4.442101681594837e-75
3.932019628478388e-71,8.316239592724277e-61,2.368351332704601e-75
2.7219297287562465e-71,5.450522185640318e-61,1.5467635390610598e-75
1.6529449854049323e-71,5.415997901889381e-61,8.626242709217379e-76
9.822384993085233e-72,5.4064192536485586e-61,5.459279802449403e-76
6.434888710524741e-72,4.616946761943859e-61,3.318330198100214e-76
4.947211901463681e-72,2.935101971322618e-61,2.1865487683938832e-76
3.4742640999543383e-72,2.518799172564034e-61,1.4365138829883443e-76
2.1391952886619832e-72,2.3658829851601296e-61,9.412437286809766e-77
1.4245008085881734e-72,8.68581899935136e-62,5.9252588824621025e-77
8.59855241676405e-73,7.699773927194809e-62,3.670273825277579e-77
6.09478016419967e-73,5.500602876655787e-62,2.292492757300472e-77
3.832231849104577e-73,3.843367989433966e-62,1.5341848237607767e-77
2.4699815488176512e-73,1.7425155214976137e-62,1.0100434769926056e-77
1.405918137090814e-73,9.839502297129217e-63,6.48222362367031e-78
8.705660494338543e-74,9.800464013460295e-63,4.458204496091315e-78
4.7339679412062154e-74,4.448130043252273e-63,2.706400315950581e-78
3.050988091600662e-74,3.3873243968876184e-63,1.454576457080627e-78
2.0398071994479784e-74,1.069705336169388e-63,7.798447522705932e-79
1.3964484512839423e-74,1.0582274074358035e-63,4.819011141499449e-79
7.926880014786537e-75,9.26762548578227e-64,2.822192788387496e-79
4.7102884265266e-75,6.95518594383226e-64,1.7566832418686824e-79
2.981076617184575e-75,5.25840519594459e-64,9.377195389975941e-80
1.866997716442365e-75,4.82861157837272e-64,5.8434926323765735e-80
1.012996932340171e-75,3.4108977549452454e-64,3.719456933094261e-80
6.613072324653612e-76,2.7243228103060776e-64,2.252465272327785e-80
3.9551388309735226e-76,2.1690821443088173e-64,1.4241182799393287e-80
2.325143647796572e-76,2.1672110633579998e-64,9.399298836635384e-81
1.3951178967805457e-76,2.166142710971731e-64,5.666282997599732e-81
9.089497874226708e-77,1.7921728594334308e-64,3.411458987824222e-81
5.257717729518337e-77,1.3694120459871016e-64,2.1733745988421776e-81
3.5787155666464186e-77,7.2744246032565925e-65,1.2906842297442975e-81
2.216669434686558e-77,3.162346318717771e-65,8.340624672116812e-82
1.4671634034635557e-77,2.3009290319318107e-65,4.771025005701946e-82
9.055472470499476e-78,1.6236414386537162e-65,2.963913473462227e-82
6.033834484115282e-78,9.491136582183375e-66,1.761843096926814e-82
3.603920153428096e-78,6.585047083782481e-66,1.0945529811027837e-82
2.4922027887469757e-78,6.498104785203938e-66,7.125314561044445e-83
1.4847681901457331e-78,3.292690181090931e-66,4.410202741438873e-83
9.412933444133352e-79,2.2713278336242e-66,2.7831119646906132e-83
5.929956184161873e-79,1.7173577463836644e-66,1.8248823565625755e-83
4.2607814285263606e-79,1.2067051195313556e-66,1.2066664560449973e-83
2.7571385697450047e-79,8.971229404934018e-67,8.180502182407011e-84
1.855192995038335e-79,3.923330500595054e-67,4.609443155532962e-84
1.1183300200654385e-79,3.918759570964458e-67,2.853187620445277e-84
8.060277216683929e-80,3.341683806265499e-67,1.6704276224163105e-84
5.317745640180836e-80,1.5875581678846456e-67,9.417827734041203e-85
3.3529102713661083e-80,1.2745558547417395e-67,5.667644267964125e-85
2.167189168565047e-80,7.66080136087707e-68,3.332835129838563e-85
1.3088426739407996e-80,4.065755328455661e-68,1.9045555461023757e-85
8.653056768266772e-81,2.5059776300943883e-68,9.723212153930576e-86
5.482389911823795e-81,1.4821572987701787e-68,5.947383739782061e-86
3.524852826944744e-81,8.140183272722715e-69,3.719125899721434e-86
2.263399471204231e-81,7.237214010185853e-69,2.332347226709129e-86
1.669417565472401e-81,4.715614452361482e-69,1.532508962221803e-86
1.0293162505677577e-81,3.260009531843492e-69,1.1595331906018527e-86
6.249473660701436e-82,2.342953552607537e-69,8.157878695309989e-87
3.3189874968514496e-82,2.1304043909230214e-69,5.862457909817294e-87
2.0598011600546964e-82,1.183238249617543e-69,3.8897218089873105e-87
1.1542093882778074e-82,1.0447416147353576e-69,2.8660511440453896e-87
6.643842212152244e-83,6.550416695454892e-70,1.7450010321896463e-87
3.417054318862489e-83,4.6763919366908357e-70,1.4024266112420737e-87
2.137170357752813e-83,2.2003547501386628e-70,9.94626855054758e-88
1.3783786780625061e-83,1.7949249434017837e-70,7.204979534464557e-88
8.659267791969207e-84,1.10497666498637e-70,5.33219549895341e-88
5.111234722037878e-84,9.620745597261634e-71,3.6047786687914134e-88
2.777169322871816e-84,6.696938076653118e-71,2.633119272028238e-88
1.7129890087363403e-84,4.746776289313216e-71,1.7335857308487486e-88
1.2791617974911456e-84,2.2685013937278833e-71,1.096622204625093e-88
8.364373021334489e-85,1.3906986126622668e-71,7.31506976665567e-89
6.178927809256023e-85,7.990021111658283e-72,4.785880669631435e-89
4.441504102168749e-85,5.113461793980394e-72,3.322722820713539e-89
3.390880474467647e-85,2.544477218749879e-72,2.2218111301838016e-89
2.0599265981773446e-85,1.749161279486407e-72,1.265803788860354e-89
1.338224786246663e-85,1.0874498566997802e-72,8.054535505381328e-90
8.446710149490333e-86,5.055988454256419e-73,4.819770223632038e-90
6.0719806481530186e-86,2.0953172261693492e-73,2.8506189442734817e-90
3.692487655917388e-86,1.0293859988254733e-73,1.6187454125653646e-90
2.7177745169962413e-86,1.0219008717344393e-73,1.0289076486388723e-90
1.5572549663308941e-86,1.0134949152753876e-73,5.932115533905673e-91
8.890122731125791e-87,7.710916255560219e-74,3.766582684861384e-91
5.707002413501484e-87,5.14194623431072e-74,2.4740963589023707e-91
3.4519517137931674e-87,4.377891785442155e-74,1.7145284734892659e-91
2.2122439830568513e-87,3.169501501877359e-74,1.2494320199202992e-91
1.4539071565146033e-87,3.1621832803177085e-74,8.604766124683624e-92
9.84119340975256e-88,2.604949668566533e-74,6.104510000255502e-92
7.76250139985815e-88,2.5963498391509635e-74,4.214998907482849e-92
5.144512313228888e-88,2.593808819827505e-74,3.026790530944696e-92
3.5641301033831784e-88,2.5081533315983285e-74,1.9110551116571574e-92
2.0570296697620912e-88,2.507096519445202e-74,1.246283190335779e-92
1.2285641650164885e-88,2.458995948590266e-74,7.434860317736746e-93
7.57649083899322e-89,1.942034391797234e-74,5.202612396530506e-93
5.334516831104544e-89,1.244588257453296e-74,3.2494572990880525e-93
3.5573697602532306e-89,6.621676603765592e-75,1.8857005396301915e-93
2.338064359202643e-89,5.861941564113502e-75,9.692377349515382e-94
1.4701741706278493e-89,3.117199663671294e-75,6.411623114711525e-94
9.347229303378101e-90,1.976349252029483e-75,3.8167188137986143e-94
7.304810853697775e-90,1.9604073234301239e-75,2.548135048132418e-94
4.766595605759021e-90,1.2382695862832584e-75,1.8026903118275187e-94
3.2349970284213835e-90,1.2382685296625038e-75,1.1260777776257573e-94
1.8811671123936426e-90,1.2378974348474524e-75,7.499262666423735e-95
1.3614432929723695e-90,1.2377775347927464e-75,4.3101025835951034e-95
9.240935505351323e-91,6.551147472015315e-76,2.873746087220251e-95
5.800313627409485e-91,2.977316843692724e-76,1.777778592480915e-95
4.2914743142252e-91,1.3891609913918363e-76,1.1976497678703529e-95
3.1355135495458343e-91,7.636900758861702e-77,6.940789736397804e-96
2.246157935138904e-91,5.47712662279764e-77,4.624002038615902e-96
1.6188483390401813e-91,4.1644550238448924e-77,2.8358865704434078e-96
9.179784686746745e-92,3.12266142652921e-77,2.012373106977484e-96
7.331564192377879e-92,2.666618525438179e-77,1.216309561490929e-96
5.304435036192973e-92,2.310986747288068e-77,7.00859443850569e-97
3.824717859848389e-92,1.4070092385321623e-77,4.1134942136606774e-97
2.829757252691055e-92,1.0058420048012723e-77,2.520936283518133e-97
2.279370016841936e-92,6.035160186445779e-78,1.6778614000974166e-97
1.3715965793167519e-92,4.2920511691986184e-78,1.1173205024435582e-97
1.0308046446011912e-92,4.290950104302632e-78,7.31839317639206e-98
6.284519884621571e-93,3.8840329487926163e-78,4.4134236884258785e-98
4.5047506033648864e-93,3.005545213276956e-78,2.935787305906364e-98
2.45831391052208e-93,1.8181278728808498e-78,1.4696472917154543e-98
1.4008001468128455e-93,1.300214784398096e-78,9.114984036428776e-99
8.170680129096725e-94,6.640197651851394e-79,5.826005698145225e-99
6.092531649025268e-94,5.331972009243448e-79,3.731908129226513e-99
4.777095778677259e-94,3.518391906601939e-79,2.32232559482179e-99
2.9539954552715207e-94,1.408144501678871e-79,1.5412169487680361e-99
1.5761533348041383e-94,1.3548302599154255e-79,1.101208824457438e-99
1.0450957165924592e-94,9.26417274543858e-80,7.133743953291674e-100
5.135983971308609e-95,7.716318826057995e-80,5.051236121725488e-100
3.1767711684862e-95,7.716303609868681e-80,2.971994320476297e-100
2.2205432506434735e-95,6.048668826718257e-80,1.8853287995842268e-100
1.7370223114455492e-95,6.048666984961521e-80,1.1424470500260655e-100
1.0042008450074826e-95,6.048630064512994e-80,7.357013913690059e-101
6.0728016842395846e-96,4.8108755369121604e-80,4.832204222057108e-101
3.5980480834236206e-96,4.810510873629474e-80,3.106714577453744e-101
2.3687429449851137e-96,4.810143347301497e-80,2.104839381557191e-101
1.4196774570277918e-96,4.8098516735033395e-80,1.3529801278699043e-101
8.706993514264145e-97,4.355270010803967e-80,8.810027442285362e-102
5.994031511554556e-97,3.307717129713466e-80,5.96696743969766e-102
4.881680401375305e-97,2.014261288926995e-80,3.5605365732792226e-102
3.484767004515076e-97,1.565481058674615e-80,2.2428006325087197e-102
2.6575129289344117e-97,9.32983952351031e-81,1.6296180124944104e-102
1.7100124706163065e-97,4.241304740921031e-81,1.1562016909928721e-102
8.828176395068614e-98,2.331972774191288e-81,7.898952978390953e-103
6.02596837110353e-98,1.335794040208616e-81,5.196386414542873e-103
3.45114324509211e-98,7.531325035620374e-82,3.173546141791886e-103
2.0461816676422828e-98,4.735239504752565e-82,2.1426032884378184e-103
1.4539029142334013e-98,4.19103005308811e-82,1.4420172246689234e-103
9.58490020512149e-99,3.381007433460483e-82,1.0085304138259912e-103
5.011245550276459e-99,2.9791401466684715e-82,6.347254786386669e-104
2.801220818704438e-99,2.97899586539456e-82,4.505990775066497e-104
1.2363695620813211e-99,2.598348042399368e-82,3.0651229506432137e-104
6.867488093946164e-100,2.5983089486014342e-82,1.9769607591770718e-104
3.790305347424662e-100,2.598260068307674e-82,1.413865940060929e-104
1.9978655614685119e-100,2.598245127693517e-82,9.548688505153202e-105
1.0823698589371221e-100,2.5982279646201733e-82,6.329853883789826e-105
7.342347933176733e-101,2.3715061298336e-82,4.0528523580724206e-105
4.4311234380560236e-101,9.895377817075208e-83,2.888113412401916e-105
3.144043602345207e-101,6.422406982291668e-83,1.9599373684228698e-105
2.2700475168917114e-101,2.228461096622083e-83,1.3625686896563943e-105
1.7696922300128956e-101,2.228453672867126e-83,9.427736020440427e-106
1.1796420696424466e-101,1.513817348623921e-83,5.392056595375794e-106
9.422578820631947e-102,8.29789296067206e-84,3.355070510662556e-106
7.577641531908622e-102,6.904043903301871e-84,2.1250214526903462e-106
6.2148079798282595e-102,3.2635033168436295e-84,1.2727589192260086e-106
4.017660189478271e-102,2.181971543660596e-84,7.372149895078634e-107
2.527722599126819e-102,1.597471918645779e-84,4.193885126879043e-107
