logapso,pso
417.72461750027725,463.3594243422246
132.49702391301443,151.56204996411472
55.23043281148796,67.62807682406869
25.455687781915277,30.103273853349556
13.462079395741132,15.303047142993583
7.969919949563069,8.47891662912794
5.066419710697437,5.181932136594745
3.2121544079081246,3.13191158820016
2.190014741554953,2.0036328791894933
1.4732643656646882,1.2904635736544035
0.9984912765776102,0.882092828789481
0.6834000464893406,0.6059283233679225
0.48511202626974725,0.42646844430612474
0.340461204050322,0.30410025028139
0.24273055843209623,0.21760685003771302
0.1654697362594788,0.157782735361635
0.10987792783221988,0.11544704303114688
0.07105220365058502,0.07912751802614125
0.044102204293970756,0.05672317975767412
0.02559808416520009,0.039220265782533806
0.014403472587727836,0.02715515201364919
0.008220209642586213,0.018479292375688315
0.004580612015133093,0.011833150240185771
0.0025466531890644623,0.00818082889478015
0.0014743949708185976,0.005374790180219293
0.0008460785042914409,0.003589145809923469
0.0004916264040312216,0.0024366552026076037
0.00027775174794588726,0.0016437261282268995
0.00016155379279063226,0.001093843868754636
9.152748808164882e-05,0.0006948558364355776
5.3264191884539843e-05,0.00043503125089320454
3.114843679014015e-05,0.00027678827962608523
1.7859166007169382e-05,0.0001569467339210436
1.0470289105981691e-05,8.865072122139847e-05
6.22490519953634e-06,5.1633517700531355e-05
3.5956986344899324e-06,2.8004035803126687e-05
2.1798320581371896e-06,1.607462142309821e-05
1.2881186797525213e-06,8.70605617652838e-06
7.193789576228134e-07,5.0863073973307346e-06
3.9474118156207565e-07,2.803401407035549e-06
2.2549758844754326e-07,1.6742431292688106e-06
1.1810598584587059e-07,8.641612883701452e-07
6.571508252442245e-08,5.095861372996293e-07
3.6851349869767866e-08,2.8166330356330286e-07
2.0333190251019572e-08,1.51021832927053e-07
1.1637590431170562e-08,7.771192450505958e-08
6.500393815987989e-09,4.2257374806535216e-08
3.5679929846624894e-09,2.1759783189464844e-08
2.0836285424017544e-09,1.1845196451971603e-08
1.14465290899853e-09,5.807241453761128e-09
6.54755343471301e-10,3.340361301281507e-09
3.7237645434786496e-10,1.8204120705223495e-09
2.1459570989543174e-10,9.320255411295397e-10
1.1830533043573342e-10,5.231416224172351e-10
6.667068560579459e-11,2.843126208776173e-10
3.7334108866392226e-11,1.6390400325165627e-10
2.0449695034964404e-11,8.200732347611589e-11
1.1923815941495973e-11,4.7819340339584696e-11
6.828301063505922e-12,2.656716738892695e-11
3.935286201967946e-12,1.5300190912785138e-11
2.257525383833955e-12,8.680612265849799e-12
1.2912314620066219e-12,4.91794306231522e-12
7.444190018134052e-13,2.6923509263609424e-12
4.311358031626444e-13,1.4175062865436087e-12
2.569653717183667e-13,8.435349948963487e-13
1.538441061072675e-13,4.3485950404301815e-13
9.023158897970455e-14,2.4651284511929285e-13
5.1664438033206097e-14,1.352045751050173e-13
3.062101330473534e-14,7.913227196620806e-14
1.7835264386986793e-14,4.6919624333176005e-14
1.0217790628860863e-14,2.651283056103782e-14
5.810661982353267e-15,1.566055860599012e-14
3.0227260092838958e-15,7.964970326161838e-15
1.7620396719849722e-15,4.715007531086489e-15
9.739167470591118e-16,2.5173647759485814e-15
5.04179920182871e-16,1.4736519719414025e-15
3.0062953126328333e-16,7.862109422923853e-16
1.747316739121083e-16,4.2817518827209457e-16
9.783393357567723e-17,2.4545850685729424e-16
5.58645669252941e-17,1.338131459581095e-16
3.1889233777687466e-17,7.037371242607182e-17
1.8589102256300586e-17,3.7915189129659697e-17
1.0414932410667717e-17,2.0494708398693193e-17
6.2806017738529026e-18,1.2128091840708404e-17
3.6987242578959995e-18,6.078342628808084e-18
2.1546590681294484e-18,3.2827725517215176e-18
1.2321893204112555e-18,1.8105953039171405e-18
6.455814316586475e-19,9.93514223234985e-19
3.5893557505183972e-19,5.588068317894468e-19
1.9674044655201425e-19,3.017237168356904e-19
1.175650102722501e-19,1.700329887732057e-19
7.07742568022352e-20,1.0083507456397767e-19
3.8929580491829285e-20,5.827113466910776e-20
2.3299477166457032e-20,3.2401036206239596e-20
1.4280162672844204e-20,1.8394924462660018e-20
8.74395562082581e-21,1.0486318837406445e-20
5.066062249732964e-21,6.054690173707583e-21
2.9083367480871085e-21,3.419276882335384e-21
1.886026496021603e-21,2.078690832079624e-21
1.1382597663950827e-21,1.1944337786785242e-21
7.0688441889383e-22,6.42840888895043e-22
4.4593708771862885e-22,3.5021676661347602e-22
2.7266088205681577e-22,1.9801823151232144e-22
1.5131850679042975e-22,1.1346171824265382e-22
8.663862247049725e-23,6.363972200372612e-23
4.945868617432862e-23,3.414668809783881e-23
2.812381125651797e-23,1.904850612093386e-23
1.711575500235066e-23,1.056774871378056e-23
9.622044291549808e-24,6.0369032281793795e-24
5.316003021600421e-24,3.38103539749968e-24
3.0597658780942587e-24,1.8414576408283013e-24
1.7821230572230676e-24,1.0685814629538887e-24
1.0554087757371553e-24,5.95657785696812e-25
6.086450909513653e-25,3.410905960377913e-25
3.6385551246550722e-25,1.7776566795648386e-25
2.1980934185736707e-25,1.0308397448829982e-25
1.2421830307344057e-25,5.771483597099058e-26
7.418607008019114e-26,3.483785821233458e-26
4.5599399088329954e-26,2.0121745877369533e-26
2.726637010837776e-26,1.1988847249499356e-26
1.627880691139723e-26,6.880372944871583e-27
9.134409546254922e-27,4.307530710005967e-27
5.370837874149638e-27,2.5592207066714443e-27
3.339501525779879e-27,1.4311873585037372e-27
2.0205886907154926e-27,7.983199575714497e-28
1.193492362704854e-27,4.597898508099831e-28
6.855160766045907e-28,2.645573475584326e-28
4.011082427227143e-28,1.6183800656966486e-28
2.448069828811158e-28,9.141672748410327e-29
1.5217762045194764e-28,5.218880293463508e-29
9.585853558128093e-29,2.883682068682358e-29
5.576311505925592e-29,1.6043978434912092e-29
3.661595234505795e-29,9.199704159371237e-30
1.997755875508997e-29,5.2749639530815686e-30
1.29382127609445e-29,2.8376349183145994e-30
7.423767045432798e-30,1.7693385323216907e-30
4.515011734119872e-30,1.037685470041231e-30
2.8431469023449357e-30,5.702489125091025e-31
1.6623895269260167e-30,3.5083089276392597e-31
8.83566888898135e-31,2.1013930403652456e-31
5.399079476628839e-31,1.2392766936846567e-31
3.2977694700950694e-31,7.287533190776898e-32
1.944290133689e-31,4.2214134100948007e-32
1.2400889300888085e-31,2.6081558610891907e-32
7.58020758209107e-32,1.522865935254251e-32
4.743440743182405e-32,9.341816764529124e-33
2.983614358985452e-32,5.698523857911749e-33
1.786405118942502e-32,3.360147315572635e-33
1.038725998973795e-32,2.0554629298928074e-33
6.546569172497549e-33,1.258965580359977e-33
3.8951572907314685e-33,7.2609302749637175e-34
2.4229724352696646e-33,4.341441704963027e-34
1.5205193054258873e-33,2.2443400013330323e-34
9.527516220372875e-34,1.4795692607938839e-34
6.189065014084964e-34,9.027295519754958e-35
3.525034767163087e-34,5.662537767200355e-35
2.074748235488957e-34,3.402526663269482e-35
1.3510069765345358e-34,1.956588703355247e-35
9.445294472034696e-35,1.1884196742844616e-35
6.210805671440728e-35,6.699072089186561e-36
3.3710166402740395e-35,4.094450369760699e-36
2.08606422312396e-35,2.392557271981416e-36
1.325950023275266e-35,1.3618654208799148e-36
8.80417284454359e-36,7.771755563643061e-37
4.428497023851946e-36,4.635503688180644e-37
2.2496974689565484e-36,2.508891601900382e-37
1.3781657809886159e-36,1.4133228672884774e-37
7.798861085802924e-37,9.026136524757638e-38
4.5460954700289716e-37,5.292103145950863e-38
2.6980845655554556e-37,3.526250665981966e-38
1.5604769654007206e-37,2.0038581079907597e-38
9.861883609919454e-38,1.1570324803823972e-38
6.593088528275146e-38,6.110493147835616e-39
4.4478914676920033e-38,3.6064785075238525e-39
3.0525755309245604e-38,2.1813935789501953e-39
1.8153671475241854e-38,1.3651953589593946e-39
1.1512321030072817e-38,8.676308015346493e-40
6.869960995524612e-39,5.549354437772772e-40
4.390548192766709e-39,3.2432589163681927e-40
2.2690448556378577e-39,1.896662912349749e-40
1.3832829838384774e-39,1.1366902948242528e-40
7.914314664128398e-40,6.764705585924471e-41
4.180141009902293e-40,4.3160711370774127e-41
2.3651500038791017e-40,2.5325163975691456e-41
1.4339767549230817e-40,1.501498365418293e-41
8.577620853533499e-41,9.305265030598378e-42
5.31963785357353e-41,5.415660447358867e-42
3.311037711525078e-41,3.2139248137243844e-42
2.0704472055380573e-41,1.635683873391002e-42
1.4002343691083505e-41,9.915537500896258e-43
8.2719427814939e-42,5.638629482602667e-43
4.7088325676943614e-42,3.297238247143319e-43
2.9865808420273014e-42,1.986131895204372e-43
1.8658281869054493e-42,1.0863610085203466e-43
1.086899321903294e-42,6.583312386737509e-44
5.580269046835914e-43,4.0294385280706104e-44
3.7084187090131885e-43,2.328703143418989e-44
2.2400330627781278e-43,1.3979198822984802e-44
1.49440491034855e-43,8.200069051965616e-45
8.399767764330649e-44,4.953667212517968e-45
5.419898722098656e-44,2.8792210466558384e-45
2.8345833136044213e-44,1.684319309597048e-45
1.7000972616014827e-44,1.0623424695100904e-45
1.0437872354584164e-44,6.185922390688366e-46
6.877817452591717e-45,3.50118354434287e-46
4.023155823947835e-45,2.06155810705751e-46
2.678920937303944e-45,1.159675073180683e-46
1.4966881625076077e-45,6.970867875175591e-47
8.585912502745197e-46,3.761278019984315e-47
4.8908442013941384e-46,2.1852509946829796e-47
2.6873920963301275e-46,1.3269170113017211e-47
1.65868697281505e-46,7.651375339576116e-48
9.333364232951624e-47,4.0128377116919764e-48
5.795456253516335e-47,2.2537908437754972e-48
3.470389901244242e-47,1.410858970885499e-48
2.016488914268685e-47,7.906564540565377e-49
1.1619708221063995e-47,4.637465696827718e-49
6.593229634712558e-48,2.652970388961559e-49
3.654366443016618e-48,1.6338020637029284e-49
2.062369662291888e-48,9.696051603768045e-50
1.2534820722720267e-48,6.13845512942988e-50
6.6528818583571836e-49,3.693828570533951e-50
3.547502710852863e-49,2.0411491360925972e-50
2.094902247665866e-49,1.14256208027696e-50
1.181868336408892e-49,6.688835096109223e-51
7.097259049319941e-50,3.6115911399091973e-51
3.8500014036306403e-50,2.1739961607248097e-51
2.370485984761233e-50,1.2300580308961023e-51
1.3481750436022208e-50,7.054092782145105e-52
8.03888830209798e-51,4.22098661161126e-52
4.390573137175939e-51,2.4088018426133253e-52
2.694403088426634e-51,1.4436450784694775e-52
1.4513889445032996e-51,8.278038342100478e-53
8.990952641211866e-52,4.893235431484518e-53
5.103642338753889e-52,3.004599104771828e-53
2.836560752152022e-52,1.5454586296502186e-53
1.6873894255787265e-52,9.859640508257445e-54
1.0222955159492527e-52,5.708323418926317e-54
6.593846557710536e-53,3.6931179410787454e-54
4.1206411789938573e-53,2.4108288400719458e-54
2.396304098667237e-53,1.529713164708621e-54
1.333779118891126e-53,9.494705502667898e-55
8.1738266192313e-54,5.7937333392908604e-55
4.649449366284788e-54,3.6273779499913994e-55
2.8479134074794853e-54,2.3134892475787452e-55
1.7753995604810738e-54,1.2622962260707019e-55
1.2621103021094188e-54,7.1780465217257e-56
8.311261826056909e-55,4.205211917509231e-56
6.433939730471453e-55,2.438852896640973e-56
4.742816260140188e-55,1.58844457564588e-56
3.208659622051704e-55,9.230147295940144e-57
1.951197020345528e-55,5.492398363402489e-57
1.3433630709296609e-55,3.465798922766283e-57
9.479467311901892e-56,2.2016071963249135e-57
6.296087297848383e-56,1.30810474159217e-57
3.4891904580490817e-56,8.451196319781864e-58
2.3504196155870486e-56,5.329520282385134e-58
1.2989004107150948e-56,3.1531007770976967e-58
8.490497891687524e-57,1.848364370452743e-58
4.40807127198214e-57,1.042332955526013e-58
2.5411097194099345e-57,6.279737235589605e-59
1.4200589625470908e-57,3.9511610419804276e-59
7.950306300869193e-58,2.311105076300588e-59
4.854658714912842e-58,1.526104169480619e-59
2.4872599896922938e-58,8.925321851256701e-60
1.6095781423998536e-58,5.762293843117946e-60
9.800851024547789e-59,3.548609699833384e-60
6.491698270030063e-59,2.011092763917647e-60
4.410883630465802e-59,1.098217389008683e-60
2.6172909022304456e-59,6.0190996382567456e-61
1.824018740619703e-59,3.413691842788979e-61
1.0138489223217234e-59,2.0621649462596387e-61
6.129835569422538e-60,1.1961117063858081e-61
3.647387341106769e-60,7.307303252007571e-62
2.0149275107622805e-60,3.66137142658333e-62
1.2125893806149802e-60,2.1003522332805633e-62
6.695157947763712e-61,1.1399002930067882e-62
4.2496450159390244e-61,6.50964063445841e-63
2.3057297320424613e-61,3.8887110630342686e-63
1.4802165780210283e-61,2.2872891352556965e-63
8.712847644011117e-62,1.2769718900086453e-63
5.307946928234839e-62,7.319271857845318e-64
2.9448170888978423e-62,4.37903391034099e-64
1.9160018600609477e-62,2.537154897797142e-64
1.12868544809554e-62,1.541466991310028e-64
6.68680532005799e-63,8.8963093521385e-65
4.1122515558932116e-63,5.172243979752069e-65
2.4215797544622843e-63,2.9094950216082e-65
1.5911191501908215e-63,1.6787660145385898e-65
9.721513774832003e-64,9.579576155805741e-66
6.579031405327542e-64,5.682321447623017e-66
4.104405328451852e-64,3.081278281168389e-66
2.4478559810182323e-64,1.684742340369141e-66
1.35655591669694e-64,1.0006101876508813e-66
8.32239814638187e-65,5.5689063503926197e-67
4.958677103813218e-65,3.3461681053862384e-67
2.7607227837367104e-65,1.9132464097139102e-67
1.8231275413824525e-65,1.090980321800264e-67
1.1459567221518734e-65,6.309379242816321e-68
7.831639827284265e-66,3.7181745646461725e-68
5.343751489297511e-66,2.1725545412603012e-68
2.964560377328446e-66,1.3341937449240375e-68
1.7311450262868334e-66,8.368055905690315e-69
1.0537282627484818e-66,4.926229962440769e-69
6.236610896027424e-67,2.9181189264441e-69
4.004136936369078e-67,1.8326919419149183e-69
2.6275644893707386e-67,1.0765904608086363e-69
1.6413312713139953e-67,6.916397175502316e-70
9.1869286117035e-68,4.127227697997241e-70
5.5550226931095415e-68,2.6189903005993888e-70
3.225211006007617e-68,1.6048686945720464e-70
2.2407560434363215e-68,1.0028044721556289e-70
1.4999913940310283e-68,6.386269584515238e-71
9.662131882392325e-69,3.909921635393832e-71
6.400818323543073e-69,2.5507561335857475e-71
3.94967656533246e-69,1.524411971579723e-71
2.815736940606019e-69,9.779118740413086e-72
1.7593649978816283e-69,5.997399255437252e-72
1.2013631679579128e-69,3.4082132019710663e-72
7.727825793292893e-70,1.9493755270551419e-72
5.083354038275885e-70,1.1661245648457482e-72
3.2489785638030004e-70,6.521272597758996e-73
2.31427544516804e-70,3.9489999430446167e-73
1.6683574485091266e-70,2.2028304776381994e-73
9.827732599984118e-71,1.3571777770873297e-73
7.147774775096102e-71,7.88548658036732e-74
4.573825469138668e-71,4.989726584099325e-74
3.1562436427551773e-71,2.9192681969736494e-74
2.2312287282903795e-71,1.8128625988014414e-74
1.5773907677351298e-71,1.0961230770318894e-74
1.075271617848058e-71,7.161438198213714e-75
8.095560334812585e-72,4.34437484355217e-75
5.180107780701316e-72,2.78441443063357e-75
3.484133040713579e-72,1.6691271248651223e-75
2.3528016310828916e-72,1.0605946270013966e-75
1.5539601411595278e-72,6.586551802488978e-76
1.0299121737448185e-72,4.152571044060595e-76
6.875063128052369e-73,2.717600761623804e-76
3.932562362948553e-73,1.8312038280671127e-76
2.2599605867744815e-73,1.2412100252118834e-76
1.2521124463270056e-73,7.618159380460524e-77
7.662701739842236e-74,4.681473715972507e-77
4.670908204514702e-74,2.933054606460638e-77
2.831658095172848e-74,1.775382011515649e-77
1.63670645101646e-74,1.0522899076824624e-77
1.0902152930559419e-74,6.779496825150527e-78
6.515350001455442e-75,4.0924701012411356e-78
4.263719548335029e-75,2.601654652069051e-78
2.759008412777969e-75,1.6919560958943151e-78
1.553954107701415e-75,1.0938459279628014e-78
8.628078376157963e-76,6.691086220974346e-79
5.383194037942322e-76,3.939479681733014e-79
3.094878591450086e-76,2.6945839577808408e-79
1.5986837567918038e-76,1.4730969088585916e-79
1.0543463511792606e-76,9.542301133649063e-80
5.4691452856221396e-77,5.878862109079807e-80
3.1239903074185407e-77,3.8882324864213035e-80
1.745464510647283e-77,2.341984372263938e-80
1.0786648985300609e-77,1.542418555509322e-80
6.630997472930536e-78,1.009694132121583e-80
4.0005359958937366e-78,6.4966865650072955e-81
2.251752268548548e-78,4.486536544788278e-81
1.4012639878892827e-78,2.9138604407059477e-81
7.744294258081306e-79,1.6699730658484617e-81
4.7939958258573747e-79,1.0464272541884408e-81
2.837628657516224e-79,6.347129390654995e-82
1.888338981487952e-79,4.2348208666015e-82
1.0869014242322892e-79,2.9247085790601083e-82
7.181912325605142e-80,1.8692115260987375e-82
4.203525293678211e-80,1.1221979666057329e-82
2.596470478699631e-80,6.551168368196123e-83
1.5031773071600917e-80,3.821148142669024e-83
9.895394915413422e-81,2.622021091835878e-83
6.514530860295632e-81,1.626958768644083e-83
3.773567562261005e-81,1.0887221903445066e-83
2.5015328770214863e-81,6.191609949236387e-84
1.5553721228130011e-81,3.889028137600049e-84
8.983418521594034e-82,2.436869484273162e-84
6.036729267328588e-82,1.5458737840671586e-84
3.350535712273891e-82,8.088857706878033e-85
1.987859267123963e-82,5.372045380318454e-85
1.1737117321733324e-82,2.928579717726887e-85
7.099673958014366e-83,1.5868776053134465e-85
4.670141674426163e-83,9.625887677989763e-86
3.0923661454730394e-83,5.6453310672266054e-86
2.03701640350613e-83,3.065251351455757e-86
1.4457017099760193e-83,1.5981550245625353e-86
8.56643184085915e-84,8.809234142221763e-87
5.753365178074665e-84,4.490628096161509e-87
3.832217225896309e-84,2.4414225766595213e-87
2.5650470445378737e-84,1.427588633941719e-87
1.769850742236479e-84,7.862509539094011e-88
1.2639674744793331e-84,4.703749803028538e-88
8.565621604740139e-85,2.8140787660778037e-88
6.023370480685723e-85,1.6892625505959803e-88
4.311289054742738e-85,9.42256150418262e-89
3.102698630774001e-85,5.756121305549803e-89
1.8536881207550146e-85,3.3529593592038724e-89
1.2430299668890114e-85,2.028540844542148e-89
9.421014973236305e-86,1.2118542684447534e-89
6.800278951642169e-86,7.419768265994277e-90
4.437851807046449e-86,4.7039163069776445e-90
2.4091081274768887e-86,2.929901377157817e-90
1.429802182047025e-86,1.8154875086957367e-90
8.94972245451647e-87,1.1622414627343873e-90
5.283578708888602e-87,7.330379622855257e-91
3.156060332648359e-87,4.689715046321479e-91
1.9007153733502216e-87,3.111589733606429e-91
1.170808133031867e-87,1.8816560209689462e-91
6.402617169271482e-88,1.2243870905946707e-91
3.484108394156066e-88,7.469754520007817e-92
1.9037041526824096e-88,4.4091123215115056e-92
1.0267007679457284e-88,2.590608851945704e-92
6.567821839724168e-89,1.4988552656832103e-92
3.916217750227417e-89,8.737260660143523e-93
2.637958115810761e-89,5.256591380208426e-93
1.4322705100681525e-89,3.3909833142982304e-93
8.343795191829495e-90,2.095179474460811e-93
5.808022760495708e-90,1.1959821549800685e-93
3.3274836309586924e-90,7.516631120812782e-94
2.1640503575353214e-90,4.7647330164018285e-94
1.5152610695269546e-90,2.726158322536539e-94
9.714156859075716e-91,1.6667154844115182e-94
5.861540892385739e-91,9.975171913008994e-95
3.090148824155088e-91,6.136679875594064e-95
1.7344703036092055e-91,3.882663279278871e-95
1.1552920649791715e-91,2.409719435925945e-95
8.374186123049895e-92,1.5639271785161376e-95
5.478185823833352e-92,1.0449481626865245e-95
3.587771431230395e-92,6.13185198376946e-96
2.406605620404689e-92,3.803197528114366e-96
1.5335623862371889e-92,2.04147885718327e-96
9.508016394478249e-93,1.1024745892927372e-96
6.126301834888939e-93,7.179928321887912e-97
3.841727078688372e-93,4.6213286569785323e-97
2.425293757711846e-93,2.764989727937531e-97
1.3841765241820266e-93,1.9039714605838645e-97
8.019199186051666e-94,1.097832775908466e-97
5.352271568653925e-94,8.350470533495687e-98
3.838566951569344e-94,5.02668158858402e-98
2.3576276352275793e-94,3.681190796560559e-98
1.5210421091733571e-94,2.398984877842071e-98
8.452996721390691e-95,1.533388427045922e-98
6.089843601240182e-95,1.0931317766085277e-98
3.7773447091751116e-95,6.902912189286502e-99
2.684654577697582e-95,5.399122270339901e-99
1.6860244747217097e-95,3.596064260817326e-99
1.0630593401212838e-95,2.548800743664344e-99
6.2611305977703755e-96,1.5382439806729389e-99
3.563790551620223e-96,1.0277587056144833e-99
2.4286247800053677e-96,7.029838722819296e-100
1.5659337814116948e-96,4.677983775178721e-100
1.0566806363985036e-96,2.756809157104972e-100
6.667649168511405e-97,1.7472715268270965e-100
3.9397434116200867e-97,1.0731273672168685e-100
2.2431888658064239e-97,7.029459945392404e-101
1.328425450967964e-97,4.109350782643537e-101
7.3060916637258e-98,2.785271849951839e-101
5.346259174735758e-98,1.630073561140516e-101
3.5394884968505815e-98,9.576849491795134e-102
2.051307416969021e-98,5.645368157746919e-102
1.3089316606890106e-98,3.419767898013289e-102
7.423311688946005e-99,2.0777034839073844e-102
4.844906306257511e-99,1.2267926495800525e-102
3.1415254966332995e-99,7.215697551908186e-103
1.8507076468741626e-99,4.219566055655273e-103
1.0366653086707464e-99,2.608439755396791e-103
6.508090707789794e-100,1.522897147912049e-103
3.961903629586574e-100,8.423569455358844e-104
2.318757384782263e-100,5.1943417211490826e-104
1.389957116194489e-100,2.84441508035165e-104
7.780889487317948e-101,1.5748811708885253e-104
4.257044237049455e-101,9.194355133469666e-105
2.6443993208604153e-101,5.764297837961618e-105
1.466690060212995e-101,3.5818625499430545e-105
8.801934297952884e-102,1.9472492810405017e-105
5.781243631648942e-102,1.254233188200933e-105
3.817148840946597e-102,7.244738146953765e-106
2.610699005878633e-102,4.490932408798484e-106
1.4420625366143602e-102,2.466865457597956e-106
9.445340484058029e-103,1.6224262716411714e-106
6.308249758858934e-103,1.038594264839738e-106
3.804458649737887e-103,6.460912720632739e-107
2.8449558694036635e-103,3.6694467081035403e-107
1.6879385421445045e-103,2.0547255246487953e-107
1.0255734625605622e-103,1.2465298148900986e-107
7.123449618150497e-104,7.650592787448266e-108
5.372169470748116e-104,5.0379971210043774e-108
3.8327458254096696e-104,3.1061404346075662e-108
2.5358468665416274e-104,1.848419268929203e-108
1.578250027998446e-104,1.1052874688723215e-108
1.0193490292274614e-104,6.1467532449459e-109
5.5848585410108076e-105,3.22939479302584e-109
3.2049617248703904e-105,1.9614237129861945e-109
1.6453596085682462e-105,1.0666552192245915e-109
9.241132023720367e-106,5.929464081714212e-110
5.200395670577321e-106,3.4290582933320747e-110
3.42708485152269e-106,2.0002220154929537e-110
2.190316415685575e-106,1.1914245617196822e-110
1.4366011615335662e-106,6.941904971127326e-111
