pso,hgapso,logapso
466.20213614026545,571.5813415217202,484.38059536480716
161.99152345029165,341.19624506417387,170.49756826177318
70.70519292249442,119.55253840503448,75.2563847551067
33.389137812418554,52.90907500774641,37.12379624330187
18.8706249887054,25.564154469329594,21.022544849165623
11.789203466713278,14.383849599197413,12.917783039484661
7.771842423323193,6.994612880032497,8.315874436632502
5.509989139333895,3.8903823659370333,5.906280172875252
4.026507114434436,2.001902480215514,4.24344974668498
3.076319754394213,1.0823505847887425,3.2098367432835686
2.369483039413225,0.5825088938392329,2.4935015344039626
1.9243578382121669,0.34443611286589687,1.9844953339239286
1.5956462881746496,0.22278988571770136,1.6173878950522458
1.328618869472071,0.14743168118951772,1.3246721376906019
1.1057237114215295,0.11415976048041629,1.0966430366274114
0.944327012982628,0.09463799742377814,0.9017352163918468
0.8030381244335036,0.08024170194370975,0.7637575511682676
0.6837916500580304,0.07091016683126392,0.6425587088047665
0.5709555128002443,0.05840451773960011,0.5544934479529968
0.48728558636274866,0.05058740268274585,0.48044188381005215
0.42592765152794687,0.045784519160486,0.4117332039970301
0.3727766029131173,0.03719891215538685,0.35824129960491957
0.3286712241360572,0.03206018969929915,0.31732373546831083
0.28647109478102795,0.023609986387978357,0.28197931415152167
0.25150450014616443,0.02087093805889701,0.252000076953707
0.2249994634942877,0.01883696052339326,0.22612015322263218
0.2034764407366286,0.014103941251474178,0.20345198975075757
0.18711160170387084,0.011718313537947314,0.1838618873949652
0.17095833659768686,0.009479935866591379,0.1673629382740124
0.15609350634866198,0.00891709983710465,0.15201051032382043
0.1442819485232842,0.006897258459720328,0.13864560832384407
0.13443884617933832,0.006264471557368009,0.1287777922854969
0.12685402520745723,0.005905827186123467,0.11992718801496265
0.11927345620913785,0.005565897349173588,0.1111228413029161
0.11207797119401448,0.003998703023459307,0.10485546342544624
0.10538436425737621,0.0020952541315220645,0.09865693330395217
0.09990105388492261,0.001673804594504139,0.09368562410843279
0.09543515113533846,0.0015563170748367238,0.08965835385538452
0.09148694801619216,0.0007439211633154042,0.08529932261941417
0.08852260551569838,0.0005158547146042843,0.07922657350717352
0.08619250627094664,0.0004115931968954118,0.07547261106632848
0.08357195069640147,0.00037369313154761165,0.07187996291229808
0.07941832063954654,0.00026977916361292214,0.06880188274572265
0.07550344612713286,0.00014886661546627118,0.0642877624062213
0.07289416550178093,9.260733118882004e-05,0.0598421740053918
0.06898674250142571,7.697394023029034e-05,0.05608542646707406
0.06595502336796796,6.403874413751159e-05,0.05277660728847426
0.06091697011648407,3.892853900103338e-05,0.05066481900880872
0.05532585910668347,2.0392112673516998e-05,0.04855235051057026
0.04663174044309791,1.5300335145789592e-05,0.046635250014078755
0.042069061943598086,9.000109499115907e-06,0.04449172862077252
0.03950752573641937,5.75995692882096e-06,0.04251165504511899
0.03686654297561189,3.197354451468627e-06,0.040642243408620174
0.03368042747998565,2.597337408670856e-06,0.03947623876848796
0.0315517049091512,2.488493967083015e-06,0.0384841324159018
0.027819085358101635,2.394622900423213e-06,0.03742122552624434
0.02617292988392931,1.8192951331769766e-06,0.036645902538024
0.024357097392978266,1.4777255418649749e-06,0.03565815833807674
0.02280927180487939,1.1723479509440537e-06,0.035073294663655954
0.021481526309550882,8.736732135411944e-07,0.03428557760579798
0.019798726194922997,8.530013059521741e-07,0.032135163225380424
0.018931167031762647,8.016053527599463e-07,0.03019586468002723
0.017857369403578027,5.293482322036878e-07,0.026044696525761402
0.01754915692989556,4.926791973856706e-07,0.023075809174442966
0.0173632993392839,3.070132752966656e-07,0.022852745366328912
0.016866090809098254,2.4244439323231905e-07,0.0222111028360183
0.016416781445755264,1.8716917921541894e-07,0.021966449987342828
0.016000614814509907,1.2537080485984156e-07,0.02182729685275748
0.01577189526353307,1.1071075768135196e-07,0.020984555674655733
0.01555650884932847,6.461921384292032e-08,0.020744595659925053
0.015071760884775857,5.122030004058013e-08,0.020559942246397695
0.015025364792839193,4.210814497195435e-08,0.02007386319112378
0.014991757081809512,3.4791832460905425e-08,0.01964329435794123
0.014944813174750077,2.7096491741716928e-08,0.01931766339662533
0.014922080131539261,2.2490781594464507e-08,0.0190788187532655
0.014907513740730498,1.4063266015423739e-08,0.017963455566215942
0.014894637335743723,1.0566098856871855e-08,0.017719809051605136
0.014885379478540791,9.747832920041735e-09,0.017190683356965088
0.014879536038543176,8.974326915927465e-09,0.016898424529811665
0.014876923287286528,8.090116129051654e-09,0.0167483763369276
0.014874267127996475,6.913932024311368e-09,0.016605314911970013
0.014872049934150094,6.550442957845804e-09,0.016509978456073875
0.014871011710102517,6.427965951905731e-09,0.01645665782069055
0.014869861153645154,6.340254009930918e-09,0.016418180163949726
0.01486933237552352,6.056948788261844e-09,0.016380565759872637
0.0148688777513647,4.4746390224526186e-09,0.016371402280763933
0.014868695678626231,3.852523716613033e-09,0.01635994741266358
0.014868419204983113,2.8512390762407907e-09,0.016354263553197936
0.01486808083431231,1.9710619546714068e-09,0.016349425176493654
0.014867750950839902,1.5593129353966302e-09,0.016338901027840566
0.014867480835439895,1.4871058745427116e-09,0.015469510801538373
0.014867389532562211,1.1965713932199084e-09,0.013446889130348753
0.014723605803752962,1.0679548857376676e-09,0.011066834743628951
0.012794810017834965,9.584051214341322e-10,0.009231112591462958
0.012250581950458203,7.435798307789563e-10,0.00922987915671852
0.010536623156766553,6.904960567885877e-10,0.009229110845755216
0.007930041731851053,6.606401830962906e-10,0.009228288563919728
0.006993528672193025,6.565847674792617e-10,0.009227647278647078
0.005486190691753575,5.381463500948244e-10,0.009227392979072886
0.004417487850104115,4.704409524344464e-10,0.00898968915001698
0.004028544455672052,4.114997034443245e-10,0.008989430041767936
0.002729784124188881,3.2019074183952043e-10,0.007836744118526931
0.0018417046597037838,2.866669454727325e-10,0.007391270155611534
0.0011478079047680077,2.7969183750135793e-10,0.006947270905366057
0.0007647370111208705,2.789368273844075e-10,0.004946186206167922
0.0005783934658653777,2.582875160176286e-10,0.0045221886685580335
0.00033332408629721067,2.5826491755771284e-10,0.0035299373195458337
0.00017955878128163497,2.126907390541229e-10,0.002791823150890463
8.903356599046564e-05,1.2270032736452166e-10,0.0019608549776425704
6.426372107823779e-05,9.622191454290919e-11,0.001262329042706028
5.72222220384379e-05,8.127477658911223e-11,0.0008996510227047023
4.575105707994418e-05,7.341680878862752e-11,0.0006094041561655648
2.9625273201952606e-05,7.087924511772004e-11,0.0003289050732042028
2.616870273514906e-05,5.628017012228594e-11,0.00023333313134324434
1.614049529347439e-05,2.963391446867832e-11,0.00017685681225211347
1.1293550801151659e-05,2.8562893447524663e-11,0.0001247752151994199
7.33855327517612e-06,2.12921638512868e-11,0.00010374817950792924
5.56843029443345e-06,1.8800411783014875e-11,7.698825698509502e-05
4.209594226688113e-06,1.481499358409734e-11,4.226234434597287e-05
3.3978384760829763e-06,8.47114429282523e-12,2.6022237914659916e-05
2.7153005329705844e-06,5.969762446121088e-12,1.7258405466644394e-05
1.8404343874582341e-06,3.871611089936149e-12,1.3671478502615188e-05
1.4395881444234791e-06,3.5882299648162777e-12,1.0535832204523036e-05
8.579892722329128e-07,2.0470269509387525e-12,5.735928823854101e-06
4.7141842088648865e-07,1.2447616775542798e-12,4.702092754027086e-06
3.7089757387810784e-07,1.0133640789692483e-12,3.147513074002887e-06
2.3035596388802344e-07,8.641794810567277e-13,2.161113577323218e-06
1.9208083916397312e-07,8.638304484254e-13,1.3051467408230701e-06
1.3106768793336265e-07,7.563497411112542e-13,1.0159277462057578e-06
1.0587470016222365e-07,4.1398400703682987e-13,7.700199769047452e-07
7.705103727399437e-08,3.6527774981956683e-13,5.456691777519042e-07
7.086451888205029e-08,3.328439702533652e-13,4.0782887672573504e-07
5.1934739716225663e-08,2.500430608394935e-13,2.8684801711395114e-07
4.195093068233098e-08,2.3075271490214235e-13,1.8153056429549337e-07
3.466125561903037e-08,2.194104856576983e-13,1.3930684347307116e-07
3.067839263499741e-08,2.0541342359116918e-13,9.866159379799615e-08
2.2157096644119728e-08,1.9429219691295444e-13,6.70104520768614e-08
1.9747878378766595e-08,1.2862790479125256e-13,4.074181926644242e-08
1.4062933274237991e-08,1.2648787015903581e-13,2.6859100151819943e-08
1.0864127475584077e-08,1.2578294513649368e-13,1.7285573292962964e-08
8.789862046705041e-09,1.1779959910445817e-13,1.1671716179652934e-08
7.361460726101531e-09,9.800014392918345e-14,1.00651187339345e-08
5.9429922542446135e-09,8.433842295465593e-14,6.887891180536227e-09
3.6779316756519466e-09,7.362788425004123e-14,6.597054296714369e-09
2.8925149616220964e-09,7.248081952421286e-14,5.580330244738595e-09
1.9725981264353757e-09,7.030432405480752e-14,4.0444713764408235e-09
1.4745540921801543e-09,6.864303257796885e-14,2.4305763919102487e-09
1.1079169634183317e-09,6.757239742090772e-14,1.662711667521034e-09
1.0072990200698502e-09,6.712880423837322e-14,1.2988643087835678e-09
8.342772536242239e-10,6.590297466825246e-14,8.037113209203285e-10
5.434936240940626e-10,6.59029556613152e-14,7.12005378671148e-10
4.257996329229039e-10,6.399605259074596e-14,5.267223243397444e-10
3.8819896063755197e-10,5.759462856098225e-14,4.483754996778333e-10
2.4307855300269577e-10,4.602809641533341e-14,3.493663855646346e-10
1.9095364490678871e-10,3.699377880884224e-14,2.497842091998344e-10
1.6534653607522054e-10,3.6975256167951894e-14,2.2492773603135718e-10
1.4496865531880342e-10,2.990824545113609e-14,2.2486625876415634e-10
1.1799163043356247e-10,2.990791872662143e-14,2.0631436908073287e-10
9.311620424334743e-11,2.7699826083153665e-14,1.5328707470719256e-10
7.50539117344601e-11,1.1668781162618757e-14,1.359596778694787e-10
6.375785791577891e-11,9.68020200052618e-15,1.0982731997905972e-10
5.387184124581557e-11,8.627509304546422e-15,8.25777087962435e-11
4.211184406068214e-11,8.078399424881537e-15,7.138285621633183e-11
3.315230244318649e-11,7.2790346712869e-15,6.683568051042406e-11
2.3855924893206067e-11,4.7450453731150675e-15,5.554271777345966e-11
2.1360719206295755e-11,4.1665488769061964e-15,5.108942976495767e-11
1.609294770142846e-11,3.309463634446506e-15,4.059431356772436e-11
1.2933211439157433e-11,2.208610639208136e-15,2.992882535163209e-11
9.20373118270972e-12,1.8260534808222237e-15,2.5683997682218373e-11
7.966466560328239e-12,1.246683306375202e-15,1.9380819151413847e-11
7.604758376085391e-12,1.1192600567564765e-15,1.611998367508664e-11
6.2212541040673035e-12,9.775837935548146e-16,1.1877819310993293e-11
4.135526190619019e-12,7.273970137676593e-16,8.565049108056255e-12
2.9879465745005716e-12,6.734762744017907e-16,5.493096781830769e-12
1.96817589426379e-12,6.539515757344876e-16,4.1297924469762705e-12
1.7359340683956496e-12,6.277070228456615e-16,2.62840009582157e-12
1.2183066310684906e-12,6.103651137770183e-16,1.8395070658872037e-12
1.107275275424858e-12,5.747087630560088e-16,1.3320992320400475e-12
7.176005282313964e-13,3.901057137529548e-16,1.1536464694485086e-12
4.863175380612589e-13,3.686285325578511e-16,6.572515402385778e-13
3.8883185770340574e-13,2.6481260476316175e-16,4.900030619237886e-13
2.513123092307599e-13,2.300102736515249e-16,3.456348241044244e-13
2.345766426090057e-13,1.3956235934283224e-16,2.5628025251264526e-13
1.9432071247245664e-13,1.244705479086175e-16,2.283321147019441e-13
1.2605993088093384e-13,1.2241888307967696e-16,1.161083490196573e-13
7.152584634756669e-14,1.2152301172509607e-16,8.584973993697754e-14
6.441227402433417e-14,1.1059769222108039e-16,6.484233307212851e-14
4.782289006207111e-14,1.094977779345868e-16,6.212840995791522e-14
3.3275099653007575e-14,1.023279911205514e-16,4.931246208732135e-14
1.9792458528215295e-14,9.297840309645349e-17,3.604971058532416e-14
1.3442596117814785e-14,8.238057804863655e-17,2.4637633670702507e-14
5.848195548524329e-15,7.999034367867273e-17,1.762576368997796e-14
4.451920642493785e-15,7.997595328087249e-17,1.1799748816293462e-14
3.059945601470715e-15,7.458511432667676e-17,8.13704529853121e-15
2.985041061868077e-15,7.241720787209724e-17,6.241145097504975e-15
2.4894758393768965e-15,6.737709398735168e-17,4.407188044903752e-15
2.141701132042733e-15,6.735766263373718e-17,3.1365213028660296e-15
1.4483806126870667e-15,6.73547625707291e-17,1.659258862341108e-15
1.0658322061757477e-15,6.73547625707291e-17,1.1304395314597551e-15
7.791033218443021e-16,6.730413649007687e-17,7.100727105944689e-16
7.418550564751566e-16,6.730413649007687e-17,4.672720774610308e-16
5.786750048622297e-16,6.73040697006374e-17,2.8445966784775814e-16
5.154447425194469e-16,4.415770208682427e-17,2.35210129090832e-16
4.145230418328226e-16,4.415741178903682e-17,1.6290907255828678e-16
2.6491779982142923e-16,3.5110282365307156e-17,1.1091926676967656e-16
2.0629105146476877e-16,2.828598218384651e-17,8.15195211124909e-17
1.579044862988795e-16,2.827669602946503e-17,4.758156687047471e-17
1.1568214551417317e-16,2.2814800419919735e-17,2.7564537760352363e-17
6.534973068194429e-17,2.0124951204557285e-17,2.1643236078731668e-17
4.5128612844513445e-17,1.4728753513304427e-17,1.6677160523076256e-17
3.3992774319272454e-17,1.4728343708039937e-17,1.610879434843139e-17
2.7974205299380124e-17,1.472783275978348e-17,9.888066650879822e-18
1.7189864523985483e-17,1.0128526251975942e-17,7.012071590401595e-18
1.0169216753436588e-17,6.3222276558716e-18,5.395018199304988e-18
5.5964273212303494e-18,1.8007967068097026e-18,4.087679336038908e-18
4.026050758124117e-18,1.8007967068097026e-18,2.7133307062386177e-18
3.280215000253204e-18,1.7801956719295286e-18,2.6963021651944368e-18
1.9943145614335446e-18,1.5360217716246587e-18,2.2904059165384545e-18
1.6600895970279691e-18,5.86743670788523e-19,2.1275421680339105e-18
1.4454969939701869e-18,3.1039158261327255e-19,1.8813407270636503e-18
1.0987026235165063e-18,2.2423334768508975e-19,1.5507572420540473e-18
7.099690669642137e-19,1.3190922167281045e-19,1.504817357120408e-18
7.09807664557385e-19,9.175802318871059e-20,1.2125329433965462e-18
6.13414649434045e-19,8.011622618690669e-20,8.095319220149971e-19
4.813543875753947e-19,5.775128551848126e-20,7.593706572481443e-19
3.685105984894001e-19,3.805246736292024e-20,4.651017476278865e-19
3.50226527027707e-19,3.7903446082628917e-20,3.6145493125600084e-19
2.945822373790815e-19,3.186410184921518e-20,3.007369197811457e-19
1.6457974162694998e-19,3.1078400907210846e-20,2.1652703119443496e-19
1.360823691860849e-19,2.1922146167079573e-20,1.7078371992643918e-19
1.0993777680596573e-19,2.0573062824826683e-20,1.5494611923427636e-19
9.7007577694971e-20,2.0551555738720202e-20,1.2021506324258303e-19
6.504886334413116e-20,1.926195732704581e-20,9.416327335760526e-20
4.3926542771406634e-20,1.9029070649113706e-20,7.497747593299702e-20
3.151389653006694e-20,1.901745077532087e-20,5.485299441177257e-20
2.313294450920758e-20,1.9014933878677694e-20,3.4492707477081373e-20
1.8886793734002354e-20,1.7121417303982617e-20,2.5218380171580068e-20
1.28268935839435e-20,1.6634058144195454e-20,1.3325361752315006e-20
1.148795561861315e-20,1.0516969085722812e-20,1.0181430197666497e-20
6.956710204433523e-21,1.0491424409025545e-20,7.636536634212432e-21
5.370673675156207e-21,1.0490553450121414e-20,4.731883630509405e-21
4.044345512033644e-21,9.520056428711451e-21,3.423928892677993e-21
2.8762778370693753e-21,7.068767876520268e-21,2.7876890815565072e-21
2.7443100082519497e-21,7.037004710192851e-21,2.651855179579825e-21
1.667424201555259e-21,6.528302486013205e-21,2.152351201887851e-21
1.6642886772063779e-21,6.49334995308915e-21,1.6031221232231153e-21
1.3821264625542178e-21,6.1204748620355924e-21,1.2569487653494354e-21
8.571393206363467e-22,6.1202820274098865e-21,1.0385252559508065e-21
6.329690792703236e-22,5.566076373142644e-21,7.644170647485231e-22
4.622454720596371e-22,5.4928700326445465e-21,7.42943497883711e-22
4.131794887467506e-22,5.271056310196815e-21,7.360619138445282e-22
2.724511741223411e-22,4.785491710194073e-21,6.355848934089982e-22
1.7813020450870246e-22,3.74678170384449e-21,4.385553328175564e-22
1.4542916748715663e-22,2.969398771534076e-21,3.652013175497594e-22
1.0559157106820643e-22,2.801634928976522e-21,2.5120101534514887e-22
8.7976701047546e-23,2.801606302185957e-21,1.8129496880738687e-22
7.319662260084571e-23,2.760714739600638e-21,1.4855947786933758e-22
5.812505039179681e-23,2.6872221564150006e-21,1.1893551590580528e-22
3.3563132245804405e-23,2.328077786200264e-21,1.0390189600146083e-22
2.571283528341577e-23,2.22981614765927e-21,7.681004184562506e-23
2.1189110044043668e-23,1.4452187553274943e-21,7.035973016405034e-23
1.8965021933122696e-23,1.4365197451111855e-21,6.67359470296711e-23
1.576583670175191e-23,1.2846613142223778e-21,5.317065291093782e-23
9.320580404187001e-24,1.2324077468372812e-21,3.1204016335437e-23
8.696691761711226e-24,1.1298589923124605e-21,2.1557145396120625e-23
7.522213215518049e-24,1.0842171765141986e-21,1.8878086842699177e-23
7.08175811120013e-24,6.8313773584277135e-22,1.7578916539939615e-23
6.2108066089351565e-24,6.723535364731848e-22,1.310368361557306e-23
5.417747169992671e-24,6.272992892623292e-22,1.1124990363813955e-23
4.6247543455801765e-24,5.44897629484862e-22,8.071078322358575e-24
3.878579669435742e-24,4.954996523109292e-22,7.048284736443999e-24
3.2348014270409554e-24,4.743317548379353e-22,5.924178534412273e-24
2.940284219878361e-24,4.513088722634645e-22,4.8745622113217025e-24
2.4937976619230555e-24,3.505632901128622e-22,3.663924857420322e-24
1.818028494993966e-24,2.9201152124479195e-22,3.2268590254207884e-24
1.728651598957066e-24,2.818078461021183e-22,2.274759943142247e-24
1.45379458461132e-24,2.2802725178252606e-22,1.7535800901861467e-24
1.347455742550861e-24,2.1830755060818503e-22,1.2507803082145103e-24
9.538372383256277e-25,2.0209504513474987e-22,9.86472782911182e-25
7.512263065814722e-25,1.6981251312970853e-22,7.584524501812748e-25
6.410867272699827e-25,1.6089081877161247e-22,4.169645749358997e-25
4.733632372847424e-25,1.5828546495488988e-22,2.9825638011376818e-25
3.639777829926644e-25,1.4550567651521624e-22,1.9562135856868407e-25
3.034114192482912e-25,1.3649202883082286e-22,1.358963390749113e-25
2.3780318472400243e-25,1.1637367220440354e-22,1.1614976878240784e-25
2.2803181050572833e-25,1.1452245658738543e-22,9.820917348774628e-26
1.7959673714847388e-25,1.036762373153423e-22,5.282570964450634e-26
1.3349540212407358e-25,9.678309746315677e-23,3.748332935229128e-26
1.0629152155826232e-25,9.57648567897268e-23,3.255766354270896e-26
7.90915676882947e-26,9.52330340465645e-23,2.0611738585012537e-26
4.7112876163236923e-26,9.048433387840025e-23,1.5184982437103263e-26
4.128562021527953e-26,8.016408591982504e-23,1.1703905261017526e-26
2.9223036527813727e-26,7.367469109307196e-23,8.285048772835471e-27
2.0473945024835807e-26,7.263126399599175e-23,6.804922051518298e-27
1.900831696632248e-26,5.2735600217157857e-23,5.166265043609673e-27
1.2828284047855687e-26,5.2648754723747315e-23,3.841727020913455e-27
1.0399424146253842e-26,5.2264904620811656e-23,2.6373398042659847e-27
9.25570896548028e-27,4.255097699024958e-23,2.001858206947663e-27
7.360511854763809e-27,4.1530168770231e-23,1.5857459017416224e-27
5.532369556464728e-27,4.136453465036105e-23,1.2811059841641726e-27
4.571647719534904e-27,4.123530187810841e-23,1.0257730774027718e-27
3.392861574869338e-27,4.1233830155071356e-23,8.766627209916684e-28
2.9392674925772735e-27,4.0785895506323687e-23,7.443842701641454e-28
1.8060402844822697e-27,3.112360260423228e-23,6.654494770400334e-28
1.5237147196278054e-27,2.2211369584218174e-23,6.014870379550324e-28
7.699921702494451e-28,1.8090136080413338e-23,5.075307623677187e-28
6.824890654377691e-28,1.6549883890276698e-23,4.870390816031473e-28
5.123210945618899e-28,1.5726998946767614e-23,4.841063606434704e-28
3.7641422804415156e-28,1.2404800446642726e-23,4.6848404445424e-28
3.266682036306353e-28,1.1135621775309831e-23,4.5681982958620085e-28
2.7346377508740597e-28,5.709345007812559e-24,4.496931258759068e-28
2.3795376749504814e-28,4.927615945561421e-24,4.388634143304705e-28
2.039827509980265e-28,3.594530234201996e-24,4.3560033395010545e-28
1.585766255591537e-28,3.594003806039214e-24,3.9418336914536143e-28
1.1468012862212166e-28,3.342442812458134e-24,3.762813264682428e-28
8.341179054418365e-29,2.571170557801056e-24,3.5141360543564477e-28
6.627339741051736e-29,2.2008147654467387e-24,2.579943916860142e-28
5.188687576073e-29,2.1938911037871987e-24,2.3512313495219373e-28
4.40386820181557e-29,2.1935921459588615e-24,2.216563457020205e-28
3.3798716129995627e-29,1.8926258910114208e-24,1.7945047515806016e-28
2.324310146363329e-29,1.882009509603008e-24,1.7825919967891346e-28
1.7718914635258173e-29,1.8802941664503878e-24,1.5188034504851553e-28
1.2336345488457346e-29,1.6009285953950763e-24,1.277409038522365e-28
1.0409651615092363e-29,1.4383351743669153e-24,1.0161671556707066e-28
7.576440625296062e-30,9.922829401660136e-25,9.929731829821997e-29
6.130840484802649e-30,9.7504457409238e-25,7.879235623067894e-29
3.820764861251974e-30,8.854078090245305e-25,5.220577721893715e-29
3.66548773494053e-30,8.158773878863313e-25,4.508963267604255e-29
2.575876499604472e-30,8.142088695704096e-25,3.467822818040333e-29
1.7027878514205557e-30,7.310939019257152e-25,2.5263596910794936e-29
1.5154212637264716e-30,6.526283817283826e-25,1.9531755747750217e-29
1.2448344674883989e-30,4.26663720499692e-25,1.6909608365250325e-29
9.674984019391817e-31,3.3435202806124404e-25,1.3502366377004554e-29
6.72908875002521e-31,2.3815092123008114e-25,1.1568554642495495e-29
4.681865784016112e-31,1.931103163852234e-25,9.075707588716489e-30
3.06514811990667e-31,1.5156520649432745e-25,8.042520240527818e-30
2.2260874237134357e-31,1.0425223616060769e-25,6.84606939636772e-30
1.5268978932062231e-31,8.275306647336467e-26,5.65919267704432e-30
1.0664283981599727e-31,5.856024660771098e-26,4.2234723183167544e-30
8.463966829337669e-32,3.8118922896370455e-26,2.6051953872466263e-30
5.986985010687598e-32,2.827184616928042e-26,1.7848650988168355e-30
4.063019588541207e-32,1.4907006367960197e-26,1.3572922765466431e-30
3.3745326504463965e-32,6.825954661434075e-27,8.94381085710822e-31
2.5025380681207125e-32,4.859706752073539e-27,6.95111822249699e-31
1.477104562402801e-32,3.707084283262497e-27,5.129797603246051e-31
1.239448859403679e-32,3.1226042770552257e-27,3.3679569993270337e-31
9.656191760944303e-33,1.9184862010129658e-27,2.594908709630396e-31
7.539261203534704e-33,1.9149627623469254e-27,2.0202641932390147e-31
5.9668229499570125e-33,1.4060108013569252e-27,1.4978627442866332e-31
4.7845710572144344e-33,1.1953720916716783e-27,1.058724819500338e-31
3.975510409258278e-33,9.336249460029572e-28,8.77425836353974e-32
3.034872530117057e-33,5.775460096916114e-28,7.508452150636583e-32
2.4145122439352888e-33,5.662571485648078e-28,6.77576601824921e-32
1.667926284956143e-33,3.3546003860535383e-28,6.006768353781088e-32
1.44264103567517e-33,2.9139144602707845e-28,4.509573271891e-32
1.4425327440673056e-33,2.196597334445483e-28,4.2988813608095693e-32
1.1277567991239183e-33,1.81942607684222e-28,3.6589560388295316e-32
9.241904993997493e-34,1.6503969812647308e-28,3.06494037801839e-32
6.9985999193750794e-34,1.1433020655144487e-28,2.9324460498435595e-32
4.966028522569684e-34,1.140096231370757e-28,2.7937562316214336e-32
3.3423393951517715e-34,1.1394808279623827e-28,2.661053991678635e-32
2.884950446608366e-34,1.0301851001325794e-28,2.608162845582666e-32
2.0638592663683015e-34,1.0283807347522653e-28,2.0989571849469277e-32
1.5086514739394996e-34,1.0184543737907e-28,2.0870412075562343e-32
1.3592149356163952e-34,1.0183513978749612e-28,1.8685721597908623e-32
1.0826153187041831e-34,9.308788273588832e-29,1.7984339256504473e-32
8.268470137000669e-35,9.160225248301984e-29,1.7816330283813043e-32
6.351590699818098e-35,8.27070566106435e-29,1.419036744099551e-32
4.2682886626791944e-35,6.955681128952363e-29,1.2775276566879395e-32
3.183407965509866e-35,6.623811896819176e-29,1.0598357722420757e-32
2.641960165789334e-35,6.622348836521962e-29,1.058379737700494e-32
1.9186861455060932e-35,5.688897732372888e-29,9.80300753545484e-33
1.256235313855296e-35,5.686130504966696e-29,9.005280268704541e-33
9.915983012549348e-36,5.15382257634239e-29,7.48665457496437e-33
5.8061816128272185e-36,4.802657786159206e-29,5.991136071509316e-33
4.688580031768076e-36,4.7661768623150936e-29,5.331519061468463e-33
3.6188034523347926e-36,4.1681169703286327e-29,4.986922994212459e-33
2.1543558898408536e-36,3.585019595143158e-29,4.151782414599734e-33
1.872487505512526e-36,2.798059166356733e-29,3.7007712518969994e-33
1.3249507619521491e-36,2.475627508263844e-29,2.269027323844252e-33
1.196941639484281e-36,2.1883448462868377e-29,1.9252342902702345e-33
9.918366272154517e-37,1.7634723995156535e-29,1.382352462828414e-33
9.328627420844547e-37,1.5338154308366264e-29,1.1814121612809136e-33
7.9110234593267e-37,1.506597704162218e-29,8.47709330566652e-34
7.0386263348530724e-37,1.2679913826482232e-29,6.227409243051405e-34
5.542865775857559e-37,9.498144396726756e-30,4.428097187881217e-34
5.5383650927941625e-37,8.4590085599658e-30,3.3435834103268484e-34
4.923662001916121e-37,5.134630114034666e-30,2.8137952606187866e-34
4.7594948741450066e-37,3.331390665262145e-30,2.5395361859646467e-34
4.2280654143316665e-37,2.2034974459203667e-30,2.1740410950687818e-34
3.723210821319828e-37,1.251949072489293e-30,2.0954014966387837e-34
3.331648248333856e-37,9.872684766939713e-31,1.2742048457547513e-34
2.639719626891482e-37,7.095640983545685e-31,1.2729146623852232e-34
2.495657263951933e-37,3.969707245949839e-31,1.0877050775076092e-34
2.1813043062300625e-37,3.3432898821066754e-31,1.0431909457632712e-34
1.725071314602913e-37,2.230076582990614e-31,1.0423137818457206e-34
1.592689336442771e-37,1.8542007334274607e-31,1.0420285480862224e-34
1.3983393694649553e-37,1.2855328146855394e-31,9.304817597411716e-35
9.128517724683764e-38,1.1737675394196994e-31,9.237118874323484e-35
8.882046568956658e-38,1.0061286300198777e-31,7.555890174130748e-35
6.960974392929593e-38,7.522179340571751e-32,6.223757068015551e-35
4.4075400176735446e-38,5.499195420095971e-32,5.527262831902171e-35
3.562725780256054e-38,5.29189635036602e-32,4.79791279804851e-35
2.8178836635504166e-38,3.992624109806648e-32,3.983081250083065e-35
1.8709122700656428e-38,3.3041577328504265e-32,3.8914197234852897e-35
1.3446759815963518e-38,2.6527100313239075e-32,2.976621298870075e-35
9.773685857284223e-39,2.0907465664954746e-32,2.6119722289264286e-35
8.49633590453229e-39,1.9467620608085567e-32,1.7120448875794886e-35
5.997777130422693e-39,1.4844853926890795e-32,1.3707478305864376e-35
5.4341564162924256e-39,1.4081795159206663e-32,8.221624264449354e-36
3.31228326320776e-39,1.1525091998015353e-32,7.326444926061129e-36
2.46107340492111e-39,1.0666323770280174e-32,4.656440604457827e-36
1.82713363715797e-39,8.744865614184041e-33,3.2490723215509815e-36
1.3688047376960348e-39,6.0864991936788605e-33,2.1046602141160798e-36
1.0914294849505958e-39,5.723197501240199e-33,1.3270759235784607e-36
8.533086223638986e-40,4.9489721158817044e-33,9.789713329764698e-37
6.392278024398105e-40,4.477877766755521e-33,6.51849068075972e-37
4.764923382971955e-40,4.274568080576416e-33,5.0908203657938095e-37
3.756191593639947e-40,3.9572306561456344e-33,3.789193894507697e-37
2.1491249378925242e-40,3.783780875368551e-33,2.446407818920165e-37
2.003366462264708e-40,3.190293051608892e-33,1.798892019323218e-37
1.3772950596039334e-40,3.1505251321040265e-33,1.458033540970924e-37
1.0691924624043551e-40,2.385934898504461e-33,1.1731136906208995e-37
6.234709245566571e-41,1.748115700925664e-33,9.487650189471901e-38
4.0743306010103827e-41,1.2807911332803312e-33,5.971840353158613e-38
3.0647305515035124e-41,1.0486014624293057e-33,4.687829615161227e-38
1.870970582972822e-41,8.978506682439382e-34,3.600463606597698e-38
1.188900150703449e-41,8.810291914197294e-34,2.3010556884053386e-38
1.0117760174316283e-41,8.807259675851049e-34,1.999849409607345e-38
9.966117698242453e-42,8.389880276410049e-34,1.3542787244245043e-38
7.492755785874571e-42,7.316625180226117e-34,9.80945240924591e-39
7.298814103791757e-42,7.106586256861294e-34,8.864856618881446e-39
6.445306223379375e-42,6.346052917089702e-34,6.693402911821035e-39
6.443216561442347e-42,5.0876704929850226e-34,4.8600026313987804e-39
5.87403977484358e-42,4.481995843023472e-34,4.089179807423673e-39
4.38778653708805e-42,3.6440084566704287e-34,3.305728537367374e-39
3.500803768927824e-42,3.0993541447948467e-34,2.5001654605343123e-39
2.876764748196987e-42,2.7360368173266323e-34,2.1999313833817026e-39
2.291116570096628e-42,2.15621527497131e-34,1.456599586772354e-39
1.8271964134196385e-42,2.0726119109673698e-34,1.154095031432534e-39
1.3157084175623161e-42,1.8589488162823312e-34,9.829235424594392e-40
1.1537451581949334e-42,1.3287477150981807e-34,6.557717653685186e-40
1.0371247435094284e-42,1.222387733020386e-34,5.661715562007653e-40
6.945094577518669e-43,1.1613310290269283e-34,4.255895591542201e-40
6.594034550656992e-43,8.99480100942429e-35,3.3293925982928226e-40
5.302242450665093e-43,6.782508491367193e-35,2.8824793630734246e-40
2.89549798011795e-43,6.158291332940806e-35,2.4075696855559934e-40
1.883457222717067e-43,5.087376395289292e-35,1.815216691003147e-40
1.534517652399614e-43,4.626924500799678e-35,1.422521606875371e-40
1.2377165205366319e-43,4.1741970105141213e-35,1.027256510436386e-40
8.672761806155544e-44,3.078814751106683e-35,7.679601498967569e-41
6.615391925390659e-44,2.2404699051075622e-35,5.859253476866683e-41
4.3643954231619827e-44,2.240409593802311e-35,5.272452845639858e-41
3.129794600970016e-44,1.7381357190674151e-35,4.082430596646322e-41
1.7648829580973428e-44,1.569883006992817e-35,2.7832932623911075e-41
1.228545116777976e-44,1.4132221951377362e-35,2.3553459801765043e-41
8.988583267749194e-45,1.0688972228225743e-35,2.086040109289561e-41
5.869701464007943e-45,8.500401143700946e-36,1.446314340083891e-41
4.595078421818613e-45,6.807792653265182e-36,8.653877801314616e-42
3.3402073602878144e-45,4.9529066284334975e-36,7.183635889486825e-42
2.3116144995512243e-45,4.4714067848059233e-36,4.5769911142911597e-42
1.7765623380637658e-45,3.749751132756503e-36,3.5873011296776345e-42
1.1314888650935905e-45,2.4153971076942995e-36,2.1698972663466004e-42
9.452066084811915e-46,1.8433449981016917e-36,1.7558346706088504e-42
6.521514976533102e-46,1.45414849974614e-36,1.2090438056236423e-42
6.205021365723355e-46,1.2071968196843618e-36,9.7024808002801e-43
2.6879559084496224e-46,9.534949994729116e-37,7.681383166820881e-43
2.11993702806017e-46,7.380811609472436e-37,4.614907005849035e-43
1.4691343297574447e-46,6.835649545703395e-37,3.4739365320134095e-43
1.1810982749829585e-46,6.243352613374745e-37,1.9451753846642623e-43
7.384102560414969e-47,5.851196101091058e-37,1.2714991001257367e-43
4.998321059416732e-47,5.642576751286435e-37,9.383897553900929e-44
3.346694715270858e-47,5.55224890427389e-37,7.662437724694515e-44
2.687114108900502e-47,5.288820958907452e-37,5.586239733616257e-44
2.004694764393264e-47,5.288820928977168e-37,4.761886910627462e-44
1.6910322922752916e-47,5.215459280810142e-37,2.8043477242337453e-44
1.41790581468675e-47,5.159177184100497e-37,2.3371095634768805e-44
1.134410959681435e-47,4.7008831299344695e-37,1.9830958150418416e-44
1.0779755848222487e-47,4.681796042451532e-37,1.252469445145032e-44
1.0000015390982433e-47,4.681761938808601e-37,9.389832068507912e-45
8.122770783818205e-48,4.6634540432266555e-37,6.339894814644566e-45
7.258381793714317e-48,4.592335195049318e-37,4.198062910179672e-45
6.010600428737367e-48,4.575839842651982e-37,2.6250533967894522e-45
4.731903974726376e-48,4.5621356885473965e-37,1.784516918768359e-45
3.83670102555664e-48,4.551822043282732e-37,1.2289416582597335e-45
2.9397397272523845e-48,3.79328828665111e-37,9.05595520648084e-46
2.936014794524932e-48,3.4358558670163463e-37,5.8872332970707185e-46
2.097441375658766e-48,2.1355500637297802e-37,4.759032620565109e-46
1.7336173544181103e-48,2.123018612849887e-37,3.965034230367028e-46
1.3032372699013726e-48,1.9526402433649507e-37,2.895471458632702e-46
1.0513281910035387e-48,1.4090626973105183e-37,2.4997927424904662e-46
7.46026874960517e-49,1.134035186439693e-37,2.2023167669737553e-46
6.230347890390626e-49,9.792663569199137e-38,2.0277607980528905e-46
4.5443412929887226e-49,7.368604483641791e-38,1.58801366867295e-46
3.579186475972726e-49,4.699245195606652e-38,1.072700493983127e-46
2.5910810498821368e-49,3.505495270774225e-38,8.649262327278411e-47
1.7815456639288955e-49,3.2798101449395363e-38,5.534128884252136e-47
1.2821692704007015e-49,2.679859627434698e-38,4.48329219101517e-47
9.670363617389952e-50,2.0241606025978706e-38,3.181169856945361e-47
7.10814592939532e-50,1.708312390760927e-38,2.044747263146473e-47
