pso,hgapso,logapso
2787.1938600434455,2859.0595995044905,2806.930902089527
927.5943070287133,1231.9319990474523,963.2765832216846
384.94942410423295,427.7638249636974,402.8015130997459
182.38162695018778,179.59304497809927,198.73778973767264
105.42727554388554,73.63138557334881,114.68560537656258
65.88873524674823,33.28808700087208,74.194179676028
43.83195364432867,15.236583365661662,49.87760297255171
30.69931376666795,7.389192151197953,35.78175245765607
22.248947126883593,3.5127280367314873,26.04419630694568
16.36942330138245,1.7445624923916132,19.702948420442034
12.28953276516756,0.914415729222865,14.913973104160808
9.18373417369594,0.5094948058508993,11.475795169980838
7.007310403342092,0.2969070564415097,9.02849218076376
5.510002510208256,0.18698747403239635,7.014093656923909
4.332228276519666,0.1319910261834539,5.460290643542893
3.410937256709308,0.09970170411687604,4.356666215244126
2.71297779753822,0.08412983943323285,3.486378372949317
2.1562073928954684,0.07719255365680316,2.765401416125023
1.720740298757525,0.07354797666436877,2.2341938448044045
1.3667342313750392,0.06970636856685106,1.829314865301433
1.115753978636449,0.0671734597224701,1.4859281778641282
0.8664272163111211,0.06633893358942275,1.2019696313583346
0.7046067419083106,0.06546251607022902,0.9527949395974094
0.5296237394877394,0.06508758441719495,0.7719535977396919
0.40272186359489437,0.06302875141655165,0.6288335460986476
0.31911590749452257,0.06278102894757338,0.5081398800370129
0.2591699306806488,0.06240736166486398,0.38944894432624066
0.21645006295389244,0.062065711992644504,0.3158480493495448
0.18100247203227945,0.061710394996042514,0.253808875513989
0.1546000144352249,0.06145955329922548,0.20816058398186993
0.13471966252930012,0.06104402316084993,0.17603128053748437
0.1182264552117567,0.06016488887574313,0.15077937225276128
0.1055119522221905,0.05990806839638211,0.1334846589115899
0.09639967953609227,0.05984105881963745,0.11808927498767341
0.08921221129532594,0.059604170615114235,0.1043912833089948
0.08353097118337076,0.058044117300646646,0.09656863057697049
0.07789571306584289,0.05789999290167534,0.08893931813155155
0.07436622605933266,0.05669984008707322,0.08516053312486557
0.07099835791662416,0.05356335290182558,0.08117934442527597
0.06823990847278706,0.05213737087104442,0.07699452078542197
0.06596353145644585,0.05156839107693282,0.07379892539877878
0.06267655267558456,0.05083373199789344,0.07104540786405353
0.0603350635684474,0.04936241846665174,0.0684293824259666
0.05868598178246418,0.04936241846665174,0.06755325393364126
0.05697167205501095,0.04935875512969774,0.06615742986020393
0.056322494593127145,0.04889439110143266,0.06598829136585335
0.05456059673716278,0.046289975916085004,0.06598829136585335
0.05336245060361287,0.04470943074002112,0.06598829136585335
0.0523028942012979,0.04440320445933736,0.06598829136585335
0.051277715281167514,0.044228502309528586,0.06593589626295385
0.05118909946526003,0.044228502309528586,0.06587625398609306
0.050942013871569894,0.04400282332688276,0.06577910014018651
0.05081437969132261,0.04389264179867876,0.06487876888257801
0.050575115180131115,0.042558456717623774,0.06487876888257801
0.050571934570775065,0.03509968359648322,0.06487876888257801
0.050233123840930774,0.03499444195118008,0.06487876888257801
0.05005367995876817,0.033862240175637465,0.06487876888257801
0.05005367995876817,0.03242890022492254,0.06487876888257801
0.05004610548822967,0.03242890022492254,0.06487876888257801
0.049723739288509046,0.031115377692427608,0.06487876888257801
0.049570190273808226,0.030430647305110962,0.06487876888257801
0.04945108659872473,0.029028342609347745,0.06487876888257801
0.04942603803614679,0.028791717183296005,0.06487876888257801
0.04938161793273847,0.028771144298789998,0.06487876888257801
0.04936216454416595,0.02784238677592668,0.06487876888257801
0.04936216454416595,0.02772211469149357,0.06487876888257801
0.04936182093576338,0.026731079812136477,0.06487876888257801
0.04936182093576338,0.026626267478760894,0.06487876888257801
0.049359146539364185,0.02567723779526774,0.06199992089786819
0.049359146539364185,0.02533711201917832,0.06103153259684648
0.049359146539364185,0.024651547720908253,0.06103153259684648
0.049359146539364185,0.022589762551818805,0.060149145479742074
0.049359146539364185,0.022473934471345162,0.05808953618205661
0.04934742142809149,0.02218202408491638,0.05498051586691096
0.04934000969409229,0.02197687540924939,0.05369293832870488
0.048861657136726765,0.019776751805948,0.052811559958529854
0.047249745222560674,0.017845985659228725,0.05205267751436001
0.045774533959441366,0.01416806261619787,0.05205267751436001
0.04470689333720061,0.010739724370749383,0.05194733162370959
0.04263467386947344,0.010706952155692766,0.049663314736491146
0.04208265775966019,0.010469971332852523,0.047985769210403616
0.041012892995635236,0.007097034146485758,0.04518654755737296
0.036586751066011516,0.007019328129700816,0.04284244357130408
0.03611966561735993,0.006785860074872488,0.04247982839695108
0.0321779762570761,0.006773664383944969,0.04126665530850291
0.028584561773568447,0.006526351209069229,0.041137049790344514
0.02750404983549845,0.006178303099202239,0.04077903246613401
0.026946793939757067,0.006049376214452186,0.04067687049091747
0.02634898482730775,0.005680961856587941,0.040381572813117904
0.02606718277009858,0.004621832905806747,0.04033625029601495
0.025971843494346402,0.003974374922255547,0.04020592297595136
0.025899467935087378,0.0038440466984996356,0.04013151242304632
0.025831643017600898,0.0028334151845940438,0.03995158288965932
0.02572629853326864,0.0028325364148821877,0.03995158288965932
0.025711814546374213,0.0028322364023719627,0.03975939251070917
0.025681139758220877,0.002804820244875568,0.03964264925548551
0.025630346143650312,0.0027694771070575185,0.03964264925548551
0.02561088353450929,0.0027647119793985093,0.03964264925548551
0.025573931826630654,0.0027045361465524572,0.03964264925548551
0.024148936856955454,0.0027033802514889586,0.03964264925548551
0.020988767908642507,0.0026936865448245494,0.03964264925548551
0.01702254434751194,0.002685884009794362,0.039602119440050675
0.015543253406246743,0.0026854878890571433,0.039602119440050675
0.014269330313946397,0.0026794660881182793,0.03959348251304247
0.014113706111324236,0.002596082065111895,0.03959348251304247
0.013785378290053616,0.00259391512628457,0.039495357435239076
0.013532074428260574,0.0025939114658550958,0.02981503693875811
0.013467219195958738,0.0025902080512016285,0.027599656215135337
0.013268731754120303,0.002589630153095274,0.026817561633546844
0.013194372162821582,0.002588640744019635,0.026423881936275467
0.013002420888796287,0.002587990171873938,0.02533331863227332
0.006378203239966554,0.0019144762462895188,0.021697377875649966
0.00378218669754228,0.0019144103507555605,0.021485414939690296
0.002383539216080913,0.0015918421996205258,0.021407067543110215
0.0014485710061635205,0.0015875348227437965,0.021350852880245956
0.0013180442132631905,0.00076101738103325,0.02108166951264638
0.0009601427553531979,0.0007609821157659799,0.019386744401417716
0.0007465413727780679,0.0007482995248567683,0.016934742406783138
0.0005013308061561673,0.0004350494648484835,0.013688704019498673
0.00047867221087267346,0.0004279026896564438,0.008575536865484934
0.0003940288651135563,0.0004279026896564438,0.0035023939133097095
0.0003873326081514369,0.00041047715451929706,0.00225756338248223
0.000380157923911347,0.0003821996213241124,0.0019422780220393274
0.00037847806740768655,0.0003597539127569027,0.0016988803716370103
0.00033767509993229845,0.00026736179347651207,0.0012993348158103323
0.00028806169754306144,0.0002673563056458547,0.0011451587398488043
0.0002876413501395488,0.00026698396901627915,0.0010453687596391962
0.00028087445007606823,0.00026648203398558747,0.0009354256231390216
0.0002794265533081897,0.00024025737665623698,0.0008388923804595195
0.00023559792264258957,0.00024025737665623698,0.0007187228114225671
0.00023550313837648868,0.00022234336827315357,0.0007184130769520457
0.00023046902006378203,0.00022225985521686563,0.0005607008188224785
0.00014455140267939176,0.00022217917015782417,0.0005607008188224785
0.00014210009050827526,0.00022193760859629802,0.0005564157716152147
0.00014154393046939676,0.00021703400601978947,0.0005563283594578809
0.0001410217935885225,0.0001763634762857317,0.0005563283594578809
0.00010138699603732932,9.67597398387809e-05,0.0005560974185816289
0.00010138272049557973,8.867647829580466e-05,0.0005559575880199093
8.00004395212045e-05,5.78733015892202e-05,0.0005559354144347086
7.310446840691045e-05,5.4686138164774765e-05,0.0005558698159258141
7.120394416433684e-05,4.493246719862238e-05,0.000551731526780448
7.039496409261733e-05,3.554977721799513e-05,0.0005333096995026463
5.118435614524325e-05,2.6594728995629297e-05,0.0004442930838096117
3.343347932727613e-05,1.8974402857462103e-05,0.00044379094737086465
3.215949413172256e-05,1.3629480173250265e-05,0.0004363439675702925
2.3521704625233995e-05,9.09275413927283e-06,0.0004363439675702925
2.2660532612982974e-05,6.9587447206030896e-06,0.00030969100870111965
2.2035335010312184e-05,6.303618643311884e-06,0.00030969100870111965
2.1827120910767668e-05,6.303618643311884e-06,0.00030969100870111965
1.60028671377661e-05,4.700952689549253e-06,0.0002784060707123165
1.590787163279848e-05,3.0970629749455684e-06,0.00027275677039025693
1.5228282871601225e-05,2.900026836175367e-06,0.0002548973347747482
1.313430675739048e-05,2.7152779273967453e-06,0.0002458852022205772
1.3089881724396007e-05,2.404246723195534e-06,0.00023714341536374217
1.2745923206918244e-05,1.1568949090536167e-06,0.00019921749373734925
1.2661879377605994e-05,1.1100521164584093e-06,0.0001919828511645169
9.093091886177973e-06,1.0895868391353022e-06,0.0001909266662570628
9.033515566199867e-06,1.0115745729965087e-06,0.0001900678131019288
8.950427370299425e-06,6.429098423564552e-07,0.00017836998098962888
5.5758385365899805e-06,6.330661651486828e-07,0.000173791721096172
4.800752048467326e-06,6.279092764339298e-07,0.00016967537618107768
3.845059397696539e-06,5.111111898907829e-07,0.00016967537618107768
2.825967265463375e-06,5.00341514212128e-07,0.00016886367274142588
2.8258466303676814e-06,4.676734187234998e-07,0.00016813016413741547
2.8196059689005456e-06,4.459205699874127e-07,0.00016745851827731803
2.3019498744698752e-06,3.601547213448736e-07,0.00016745851827731803
1.3391335436154472e-06,2.952132871562249e-07,0.00016733000815756253
1.043862154172867e-06,2.8825823291234565e-07,0.0001669622937695917
5.794775809291199e-07,2.1939455059961044e-07,0.0001669001611828131
5.776239905129539e-07,2.1686045761522868e-07,0.0001669001611828131
4.2372855864636873e-07,1.6405179970413008e-07,0.00016633135127400362
3.251391966777149e-07,1.1945066782654196e-07,0.0001621042247343006
2.528263053683986e-07,1.1124712974079467e-07,0.00015585519851324582
2.1232860178978316e-07,1.1040679426524671e-07,0.00015574177226641795
1.5590655867353768e-07,1.0742037831728753e-07,0.0001550082207945269
9.315888128892552e-08,1.0614819831024434e-07,0.00015498379281745245
7.694090725314367e-08,9.090714646176643e-08,0.00015494495188978608
7.212614125228788e-08,8.473074508162971e-08,0.00015494495188978608
5.616758774547598e-08,7.902506206897368e-08,0.00015494495188978608
4.929974457689878e-08,7.144483579655749e-08,0.0001497371470843315
3.8472934207309106e-08,6.121772420902284e-08,0.00014973463008867693
3.774377827607213e-08,5.912377663856653e-08,0.00014973463008867693
3.6823710287834984e-08,5.7909627451562235e-08,0.00014973417601796276
3.557763784015105e-08,5.565251507127819e-08,9.468140286057878e-05
3.5069388450156195e-08,5.242417405643984e-08,3.163367255379221e-05
3.150728869815978e-08,5.0414311863258857e-08,3.163367255379221e-05
3.083320375359576e-08,4.434437504117552e-08,3.0283356414127576e-05
2.5940395772935547e-08,3.797573358990707e-08,3.018460640092567e-05
2.5628788594753904e-08,3.4381846093846414e-08,3.0172489936167033e-05
1.9206785907387098e-08,2.7179541439264168e-08,2.979227773875558e-05
1.864015134696332e-08,2.3515821928496436e-08,2.8577094849245074e-05
1.4456595208230388e-08,2.2811210854931075e-08,2.6827159066476e-05
1.4423854885080695e-08,2.2707105974473352e-08,2.123897580021538e-05
1.428993098879506e-08,2.1585449155325486e-08,1.7173108640109373e-05
1.4280006474351028e-08,2.0708287946988484e-08,1.1741551952048421e-05
1.4263822091594322e-08,2.06606611072768e-08,1.0307752225146865e-05
1.426090419703773e-08,2.058048144511844e-08,6.695320563753586e-06
1.419662052525348e-08,1.9918856103882025e-08,5.096166058284058e-06
1.419662052525348e-08,1.8359864016873955e-08,3.874787635640151e-06
1.419662052525348e-08,1.59599580000916e-08,2.6593865490784112e-06
1.4192064401003037e-08,1.4564893528044749e-08,1.5106004634003278e-06
1.4169376298576459e-08,1.4524861034117423e-08,1.083773507166289e-06
1.4151359624336434e-08,1.2447364946861232e-08,1.064501593729169e-06
1.3049199790190827e-08,1.1579438925748266e-08,1.0578606987287166e-06
1.3029105125938998e-08,1.104508561882466e-08,1.0388710247021129e-06
1.293244889686056e-08,1.0859978197885366e-08,1.004070690599234e-06
1.2890015237729804e-08,1.0512980570128038e-08,9.048387094361412e-07
1.2855871631413732e-08,1.0313952762180426e-08,8.9304319577389e-07
1.114276211105226e-08,9.698230549253496e-09,8.861251840730391e-07
1.1109911550865197e-08,8.709672691350587e-09,6.971665268970422e-07
1.1101517794980709e-08,8.707251079950223e-09,6.157303899105047e-07
1.10868690884413e-08,7.968269976216953e-09,6.023956740482447e-07
1.1064735240614297e-08,7.491656863392515e-09,5.054091470749056e-07
1.1060283153780973e-08,7.325389499343097e-09,4.954005344072641e-07
1.1057249028682983e-08,5.182347299724901e-09,4.438928628027842e-07
1.104526550665591e-08,5.181374965251511e-09,4.3879198471388214e-07
1.1040824818508356e-08,5.161230495979009e-09,4.349265064170248e-07
1.1040518427327241e-08,4.530086688418824e-09,4.3071109779050666e-07
1.1040518427327241e-08,4.078583677733117e-09,3.890500202333182e-07
1.0832494273355016e-08,4.0040107957317455e-09,3.7208865618285857e-07
1.0832454238817875e-08,3.4100296672781006e-09,3.679898500176411e-07
1.0832313967737491e-08,3.0774641275156625e-09,3.679898500176411e-07
1.0831194056272229e-08,3.0766078405073964e-09,3.6731746399611826e-07
1.0826684786002481e-08,2.9800651402039814e-09,3.6698989692799953e-07
1.0813135459987023e-08,2.9799358741031707e-09,3.6388741197556796e-07
1.0812979592518617e-08,2.9596728761314967e-09,3.614082368494046e-07
1.0812407027565579e-08,2.8349214822817582e-09,3.614082368494046e-07
1.0812252401522501e-08,2.5901321174733644e-09,3.5970309934294664e-07
1.0130205871277443e-08,2.5901321174733644e-09,3.5953055222284853e-07
1.0030717281018086e-08,2.578958456373839e-09,3.5953055222284853e-07
5.8292750773017e-09,2.5571750409263156e-09,3.5953055222284853e-07
5.829138825580162e-09,2.5571750409263156e-09,3.58556400334363e-07
5.827727901927604e-09,2.5571750409263156e-09,3.577612185505028e-07
5.8114129425656795e-09,2.5465232076507484e-09,3.571195537116177e-07
5.171173297178358e-09,2.5434838110215323e-09,3.562449161891986e-07
4.6224616737653e-09,2.5182709782304184e-09,3.562284641787486e-07
2.330165642120505e-09,2.488834742805803e-09,3.5569286001975014e-07
2.328362126489776e-09,2.4798988809465437e-09,3.552968477154355e-07
2.328362126489776e-09,2.4702175909426873e-09,3.5503702789661333e-07
2.328362126489776e-09,2.46842486210978e-09,3.549551020769175e-07
1.6947569764606412e-09,2.4650303607342585e-09,3.5476517646863174e-07
1.362656529572391e-09,2.4594392815046726e-09,3.5468558144354644e-07
9.254029404748139e-10,2.4594392815046726e-09,3.5459000603394466e-07
5.951460106404642e-10,2.4594392815046726e-09,3.545654755777511e-07
5.675075846484083e-10,2.4594392815046726e-09,3.545615734382853e-07
4.2408575029535566e-10,2.451760267418578e-09,3.544313161402753e-07
3.105978444205373e-10,2.4496942185312807e-09,3.544312159937783e-07
2.742398585463043e-10,2.4443611862491447e-09,3.544242718795623e-07
2.1363483078179973e-10,2.438467430479016e-09,3.5440926812833566e-07
1.5634100416635766e-10,2.4383996261856712e-09,3.5440926812833566e-07
1.20457670142746e-10,2.437503828939406e-09,3.544089268905781e-07
1.1794174079772725e-10,2.3903433442728468e-09,3.544089268905781e-07
1.0755469526507133e-10,2.3903433442728468e-09,3.5319314320166157e-07
9.664822299206576e-11,2.3676095229722955e-09,3.5234958007137726e-07
8.759620941699793e-11,1.326940742962937e-09,3.48784490539643e-07
7.672364559499732e-11,7.186723375303301e-10,3.4825942629392e-07
7.222232756050208e-11,7.130597221795644e-10,3.4745958407648034e-07
6.904761738521281e-11,7.101794859987678e-10,3.464480415326086e-07
6.834789848077754e-11,7.07016282808236e-10,3.464376823159771e-07
6.811720796637127e-11,7.068189488313454e-10,3.463997198472309e-07
6.80040236305864e-11,7.05407032470587e-10,3.463983528793844e-07
6.794449342939786e-11,7.053060301674947e-10,3.4620359515820313e-07
4.676248751641673e-11,7.019401326571684e-10,3.4619584622470475e-07
4.6703105990341575e-11,6.996627477748588e-10,3.4619211882585867e-07
4.66512479489266e-11,6.979472631138772e-10,3.461516162248772e-07
4.581086993860018e-11,6.978003383884353e-10,3.4612379237971595e-07
4.579474745180564e-11,6.629470406379981e-10,3.453849981686575e-07
4.5764440040239296e-11,6.616189214737897e-10,3.453835149129773e-07
4.575759935560051e-11,6.602198376718273e-10,3.45382668298512e-07
4.26389673672403e-11,6.601972619650721e-10,3.4537254212315153e-07
2.97716507486637e-11,6.601789456191577e-10,3.453558394821102e-07
2.97716507486637e-11,6.328804269177423e-10,3.453106591998125e-07
2.97716507486637e-11,6.324612973154332e-10,3.453100106122268e-07
2.9759317867996123e-11,6.314281881695345e-10,3.453100106122268e-07
2.8591961385328275e-11,6.314123035214088e-10,3.4530955139849446e-07
2.8591961385328275e-11,6.314123035214088e-10,3.1659065532821187e-07
2.750375581619519e-11,6.30857743020197e-10,2.8557000502312114e-07
2.750375581619519e-11,6.304399112173266e-10,6.52732754081118e-08
2.7499792005837942e-11,6.303089575945473e-10,5.968491232826604e-08
2.528460445186686e-11,6.303086829840303e-10,3.735251757130621e-08
2.3828697640022385e-11,6.30025996520099e-10,2.751727029996279e-08
2.3818911985375302e-11,6.300205939691803e-10,1.3708818280427754e-08
2.3231814259467336e-11,6.300182738214008e-10,8.152750982429382e-09
2.3225074230585908e-11,6.300153829415454e-10,8.152310799139283e-09
2.0555851104792423e-11,6.30014736903912e-10,8.073573574536171e-09
2.0555316524615133e-11,6.300127677133993e-10,7.893256282300309e-09
1.9264043801013533e-11,6.300121858518365e-10,7.69399246939685e-09
1.9256949304231126e-11,4.771552976145623e-10,7.69399246939685e-09
1.8656879399535524e-11,4.771541662729308e-10,6.632718862019091e-09
1.8326362871979218e-11,2.818689486122587e-10,6.632718862019091e-09
1.8325069188400815e-11,2.8186870306343075e-10,4.471569945700928e-09
1.8322663578685198e-11,2.815074431513398e-10,4.41315982271867e-09
1.713946852661128e-11,2.815074431513398e-10,2.7299236192052726e-09
1.713946852661128e-11,2.815074431513398e-10,2.1875271470181108e-09
1.2623329672640572e-11,2.3671211665689464e-10,2.1875271470181108e-09
1.1317431085241223e-11,2.2194527155420192e-10,2.1875271470181108e-09
1.1307227591197748e-11,2.0274057937710427e-10,2.1875271470181108e-09
9.052948152774139e-12,1.8438248568609012e-10,2.1867905429250955e-09
8.2769904408353e-12,1.842529530123146e-10,2.1867905429250955e-09
7.082838694078336e-12,1.841826897161869e-10,2.1867905429250955e-09
7.082838694078336e-12,1.8409260000772523e-10,1.678527105846697e-09
3.8338188902589e-12,1.509275784199187e-10,1.6785043528663935e-09
3.4008871403556173e-12,1.3900426550638323e-10,1.6772329750689357e-09
2.66326457175552e-12,1.3898918204774966e-10,1.6772329750689357e-09
2.289060064577101e-12,1.3898918204774966e-10,1.6772329750689357e-09
1.886308170683098e-12,1.3889224134008455e-10,1.6772329750689357e-09
1.4811551347525832e-12,1.3889224134008455e-10,1.676872737609676e-09
1.4160648813076679e-12,1.3889224134008455e-10,1.675783077922175e-09
1.4160648813076679e-12,1.3889224134008455e-10,1.6755392455737199e-09
1.3577257934790041e-12,1.3889224134008455e-10,1.6755392455737199e-09
1.1449864386514604e-12,1.3889224134008455e-10,1.675435136529435e-09
9.844669239548324e-13,1.3889224134008455e-10,1.6754128147807282e-09
8.460705837237594e-13,1.3830456518509078e-10,1.6754128147807282e-09
7.178053301784548e-13,1.1845877361927112e-10,1.6754128147807282e-09
5.087880084194386e-13,1.1845877361927112e-10,1.6752883761460689e-09
4.191293129778299e-13,1.184587689380466e-10,1.6751529655069439e-09
4.1682990343506434e-13,1.184586451705913e-10,1.6751529655069439e-09
4.1682990343506434e-13,1.174801708171861e-10,1.6751529655069439e-09
4.1391265216834156e-13,1.174801708171861e-10,1.6751529655069439e-09
4.107999157623608e-13,1.174801708171861e-10,1.6704777540005717e-09
3.976653047332815e-13,9.286243149502448e-11,1.5325040106483151e-09
3.320524646548283e-13,8.818282922853338e-11,1.5319961202216453e-09
2.9395094443214003e-13,8.816792248191177e-11,1.531583358708517e-09
2.084177022161136e-13,8.816792248191177e-11,1.5141791468021694e-09
1.5470034612901161e-13,8.813670306456882e-11,1.5060814765475866e-09
1.324707949437492e-13,8.084511292630666e-11,1.5060771586031449e-09
1.2557158118393142e-13,8.069020408442272e-11,1.1004943479359421e-09
1.2537096891146592e-13,8.062395370163168e-11,9.461104718093463e-10
1.253015737765461e-13,8.052363358783137e-11,9.444022682194556e-10
1.1122566625660669e-13,8.052296259797211e-11,9.386276300822936e-10
1.1119532591303839e-13,7.157698837028505e-11,9.38106218477068e-10
9.819849764208157e-14,3.398547573866728e-11,9.351796868179439e-10
7.729941190217619e-14,1.7550860024978197e-11,9.310265650238744e-10
7.72119721905432e-14,1.7542777748957172e-11,8.489433963452127e-10
6.699540354305838e-14,1.5714638277309136e-11,1.8848264729973346e-10
6.636141015243165e-14,1.4114168223613287e-11,1.0315385659965819e-10
6.615583100903742e-14,7.543927237553346e-12,8.485070519691636e-11
5.4997979138286184e-14,7.371245072666545e-12,5.8174996150134315e-11
5.482951060168928e-14,7.371192535305522e-12,3.081192158678549e-11
5.473360614243506e-14,6.9558977664235675e-12,3.0574531609391714e-11
5.458077980691389e-14,6.345068972761485e-12,2.499863405719386e-11
5.4485602720993056e-14,6.146244351304908e-12,2.4796231687650565e-11
4.406268553182692e-14,5.579734260552827e-12,2.1171169679264233e-11
4.4045128413189905e-14,5.070869151323138e-12,2.0986966875166168e-11
4.3725947206058115e-14,4.605714163025011e-12,2.079631741090948e-11
2.7716542697824238e-14,4.60571093809354e-12,1.6558434110800565e-11
2.6810210960784224e-14,4.415362563344248e-12,1.6551278993577597e-11
1.9291919137317586e-14,4.411023888569951e-12,1.6439474394940114e-11
1.9105308701398457e-14,4.411005989365291e-12,1.643930475203273e-11
1.836639199257258e-14,3.932922147139679e-12,1.642838210502169e-11
1.6313692544492452e-14,3.9329190265501385e-12,1.642827578202784e-11
1.5628654592785114e-14,3.931735575022751e-12,1.638228487221875e-11
1.5103360247549378e-14,3.931735575022751e-12,1.6211311236471462e-11
1.4450346364347594e-14,3.5492077996958705e-12,1.61856561757026e-11
1.4441325468254682e-14,3.4232196360207117e-12,1.585702905662867e-11
1.441542148189285e-14,3.423210894450461e-12,1.5552352639909896e-11
1.440657617651766e-14,3.4232081721259243e-12,1.5550946389718908e-11
1.4398253763213254e-14,3.3888768773584795e-12,1.555027326334837e-11
1.4391690086810906e-14,3.388874757699938e-12,1.545912037666642e-11
1.4390555668256427e-14,3.388873819243997e-12,1.509698517807691e-11
1.43100290368355e-14,3.3888718876154613e-12,1.0867787127657292e-11
1.43099970685203e-14,3.2985495099761496e-12,8.918452973818563e-12
1.4309344147974316e-14,3.295932600170776e-12,7.178272972332904e-12
8.57364612661992e-15,3.2196338229603607e-12,7.111186389438331e-12
5.005423169684812e-15,3.2186619833976206e-12,4.081779243357325e-12
3.3786918070987685e-15,3.21801463958958e-12,4.081779243357325e-12
3.079913653526582e-15,3.2172715088151638e-12,4.0009610955606806e-12
2.5920308688091398e-15,3.216949226497243e-12,4.0009610955606806e-12
2.5918293936725844e-15,3.216701899957075e-12,3.998285700015742e-12
2.560238594888643e-15,3.216671969164222e-12,3.987720189506285e-12
2.5591411745414014e-15,3.210265304385613e-12,3.987364656400518e-12
1.9192812558478153e-15,3.165681913237323e-12,3.892263451352601e-12
1.919218720891999e-15,3.1507431012537297e-12,2.9343927535385288e-12
1.904265132650096e-15,3.143146681052627e-12,2.9343927535385288e-12
1.7751577966717071e-15,3.1431353608874732e-12,2.9305923172433146e-12
1.7524078911847074e-15,3.143101939404555e-12,2.9305923172433146e-12
1.7053790466639128e-15,3.143101939404555e-12,2.727430490045148e-12
1.5780988426095672e-15,3.1430867896515685e-12,1.729308893851803e-12
1.5768979989120841e-15,3.0342196340680936e-12,1.6688579062902229e-12
1.5402290948077735e-15,2.32968686300276e-12,1.1270729268333829e-12
1.5402099121564308e-15,2.3296813659365204e-12,9.310703215927475e-13
1.5401970260767521e-15,2.3296813659365204e-12,4.3066471139780677e-13
1.508594751948906e-15,2.328305407509866e-12,3.8038754355528823e-13
1.4918107842629887e-15,2.328300836230213e-12,3.3301293494866666e-13
1.4561500074119898e-15,2.298536294098086e-12,3.1831939870819e-13
1.39040984933735e-15,2.2700658423732007e-12,2.7285327385192134e-13
1.3903961438417305e-15,2.2263881351536827e-12,1.791124099711916e-13
1.3903961438417305e-15,2.2263814877319544e-12,1.7910392761430878e-13
1.3903942717602979e-15,2.2036305139727045e-12,1.7900816244216916e-13
1.3903799232089303e-15,2.203630388079827e-12,1.6911439259971957e-13
1.356816447726444e-15,2.2036275958670218e-12,1.6451135032082738e-13
1.3566758612689833e-15,2.2036268534046344e-12,1.6451135032082738e-13
1.3566758612689833e-15,2.2036268534046344e-12,1.6448510252742654e-13
1.3560187306676204e-15,2.195004981248681e-12,1.6424050621070173e-13
1.3558933418200469e-15,2.1925215803274674e-12,1.3971701975287246e-13
1.3558479379929636e-15,2.1836106876090358e-12,1.3530226362560438e-13
1.3558479379929636e-15,2.18235495695658e-12,1.352868003182005e-13
1.3557112388747357e-15,2.181042716659708e-12,1.350108897729656e-13
1.3557112388747357e-15,2.1797726636749257e-12,1.3427464739206293e-13
1.3556325207900265e-15,2.0674192636449594e-12,1.3427464739206293e-13
1.3556325207900265e-15,2.065812191329044e-12,1.34274323389068e-13
1.3556325207900265e-15,2.0651640427763747e-12,1.3427293255462237e-13
1.3556325207900265e-15,1.628618418075616e-12,1.3427006077736434e-13
1.3554519057435807e-15,1.6285794351846587e-12,1.3426898559882928e-13
1.3554519057435807e-15,1.101901019966606e-12,1.3426814549872704e-13
1.3554519057435807e-15,9.475747343487913e-13,1.342678903636877e-13
1.3554519057435807e-15,9.475745516151515e-13,1.34267741599741e-13
1.3554519057435807e-15,9.475742133312228e-13,1.342676385938033e-13
1.3554519057435807e-15,8.674112242729445e-13,1.342676385938033e-13
1.3554519057435807e-15,8.674110272173788e-13,1.342676385938033e-13
1.3553777447600892e-15,8.674098202835636e-13,1.3426719245311642e-13
1.2756972089600519e-15,6.051166874111387e-13,1.3422175187603753e-13
1.166512000016957e-15,4.918800646577173e-13,1.0946491204575784e-13
1.1664690855142038e-15,4.918796959323633e-13,1.0870671345346772e-13
1.1664594929671606e-15,4.918796164184375e-13,1.0870671345346772e-13
1.1664307781536546e-15,4.918794197204294e-13,1.0870671345346772e-13
1.1664181482999068e-15,4.918790295167391e-13,1.0870671345346772e-13
1.1510083373678367e-15,4.918789242205258e-13,1.0423295754655048e-13
1.1316033640771436e-15,4.918789054977416e-13,1.0423295754655048e-13
1.112814794389134e-15,3.6700145044968356e-13,1.0423273713862118e-13
1.1102486136023192e-15,2.609847711501041e-13,1.0399742275646611e-13
1.1094721643528438e-15,2.609847630443547e-13,1.0377517643368188e-13
1.1081102039152343e-15,2.338728633802042e-13,1.0377517643368188e-13
1.1076073909271663e-15,1.6272368345549898e-13,1.0372259964235213e-13
1.107528713579913e-15,1.3468128026270624e-13,1.037222329573766e-13
1.1073439124586982e-15,1.1900930556179703e-13,1.0338699056308508e-13
1.1071970444483214e-15,1.0574016319009569e-13,1.0338699056308508e-13
1.1071963613104867e-15,8.61047459136836e-14,1.0338699056308508e-13
1.0183949839095434e-15,7.244544364574574e-14,1.0332589533047013e-13
7.378074073149615e-16,6.58499867721421e-14,1.0332589533047013e-13
3.221150829839387e-16,5.979257816667583e-14,1.0263405044419055e-13
1.6560555497429645e-16,5.806052733233296e-14,1.0236052830160327e-13
8.909481565647198e-17,4.572731083761254e-14,1.0236052830160327e-13
5.4174411349425374e-17,4.311276806004899e-14,1.0233476899942634e-13
3.926212836457351e-17,3.9403946842118846e-14,1.0217074747119833e-13
2.869582575607656e-17,3.87458127936817e-14,6.98948067912245e-14
2.335290559231149e-17,3.8649171731174905e-14,4.212658978862128e-14
1.9186040542313638e-17,3.659432693706937e-14,3.267211708085288e-14
1.798822845487112e-17,3.435903081406769e-14,3.204652254647713e-14
1.4897353223539412e-17,3.435900625757142e-14,3.204652254647713e-14
1.3641752176199444e-17,3.428367263635673e-14,3.1867649172314265e-14
1.364071363177748e-17,3.419793344965247e-14,2.5865690664644404e-14
1.162011690077858e-17,3.419793344965247e-14,2.5865690664644404e-14
1.162007581197114e-17,3.414575774598739e-14,2.5865690664644404e-14
1.162000334653751e-17,3.414575632095998e-14,2.2479191123411776e-14
1.159266340836567e-17,3.4145753237457665e-14,2.246966842906693e-14
7.308474101266898e-18,3.414574326196542e-14,2.2468715090953806e-14
3.953719279836859e-18,3.414574143525165e-14,2.2466205908382852e-14
3.945228110429053e-18,3.414574143525165e-14,2.245737460997274e-14
3.938298793062726e-18,3.414574143525165e-14,2.2433249375509407e-14
3.690276491631656e-18,3.414574143525165e-14,2.2433221777397017e-14
3.4035160392736396e-18,3.414573831849788e-14,2.2261236083551287e-14
3.3710915857553704e-18,3.406311522859649e-14,1.3632991670532983e-14
3.3692274589335662e-18,1.3624030262929952e-14,1.2347478530634467e-14
3.3690592918907523e-18,1.3624030262929952e-14,1.2229314778021556e-14
3.3688429896781444e-18,1.3624026683157044e-14,1.188640573506518e-14
3.3682036639791965e-18,1.3395929348451394e-14,1.180706437538723e-14
3.3680761654867153e-18,1.3395924755734658e-14,7.728766121937296e-15
3.3679616290983217e-18,1.3395924755734658e-14,2.182242107210052e-15
3.367911138154923e-18,1.1405518446647918e-14,2.1514115676321075e-15
3.367911138154923e-18,1.1330449788371438e-14,2.1487112170693414e-15
1.982554236376027e-18,1.126685158265023e-14,2.124061066158007e-15
1.9824564377009073e-18,1.1266851380354652e-14,2.1240437153224826e-15
1.699570719641766e-18,1.0855797709396094e-14,1.7887786928301597e-15
1.6834475963678153e-18,6.730206031824078e-15,1.784798049243359e-15
1.6524128435509736e-18,6.730206031824078e-15,1.784426464042971e-15
1.647776507829529e-18,6.730206031824078e-15,8.027390763917511e-16
1.6450744213512019e-18,6.6116657106767705e-15,8.025795095822885e-16
1.5193918738382013e-18,6.61166457616827e-15,7.986636808978561e-16
1.4881812568941994e-18,4.457210403336922e-15,7.969971542878105e-16
1.2229094235084352e-18,3.591799110778085e-15,7.969971542878105e-16
8.84929751608214e-19,3.591799110778085e-15,7.951091063368592e-16
3.4766276601696934e-19,3.591799110778085e-15,7.944643935954062e-16
3.0190145224160626e-19,3.304736576123069e-15,6.87279797220876e-16
2.0600885765457791e-19,2.864904349213248e-15,5.187593849541592e-16
1.7495851513832861e-19,1.7004560994548481e-15,4.795080606646645e-16
1.6086328063084064e-19,1.3651081751670004e-15,3.394414706238232e-16
1.2898551363503887e-19,1.3483202707814055e-15,2.793019609852242e-16
1.2894003688113022e-19,1.0259793945738233e-15,1.8089328089492049e-16
1.2023660990067744e-19,1.0259793945738233e-15,1.8080287877665406e-16
1.2023660990067744e-19,1.0259793945738233e-15,1.7331418548659693e-16
1.0346333250803591e-19,1.0259793945738233e-15,1.399412261296576e-16
7.268154255901131e-20,1.0259793945738233e-15,1.1392058852981002e-16
7.266240224468019e-20,1.0259793945738233e-15,9.876794049031176e-17
7.260122762978489e-20,1.0259793945738233e-15,9.775371723929957e-17
7.253169042875874e-20,1.0259792962362372e-15,6.105952112325841e-17
7.253169042875874e-20,1.0259792962362372e-15,4.561441137254061e-17
7.253169042875874e-20,1.0259792962362372e-15,4.561441137254061e-17
7.253169042875874e-20,1.0259792962362372e-15,4.556482628858737e-17
6.406073454295556e-20,1.0259788126407178e-15,4.236392504568139e-17
6.405500544452143e-20,1.0259779990765323e-15,4.2361392693911466e-17
6.404947125644034e-20,1.0259766084730759e-15,4.2147931418758555e-17
6.065555298953144e-20,9.866972024950252e-16,4.2114959081549656e-17
6.065374483663498e-20,9.866972024950252e-16,4.2114959081549656e-17
3.869590953919204e-20,9.866972024950252e-16,3.969863604452466e-17
3.869590953919204e-20,9.866969956331526e-16,3.879874844870196e-17
3.867814066425726e-20,9.866969956331526e-16,3.8793910014805535e-17
3.867814066425726e-20,9.866968389776854e-16,3.8793910014805535e-17
3.867810551923203e-20,9.866968389776854e-16,3.8793910014805535e-17
3.8668399662768667e-20,9.866968389776854e-16,3.7730166201178686e-17
