pso,hgapso,logapso
2965.1047366570906,3475.2631741286204,3014.945838982904
985.0202765399706,1548.7331488025106,1053.212159000622
368.56454061666034,481.4456335274921,401.90033508558497
174.66020010355572,206.73578451295452,190.76215319865898
97.67017580508295,91.30611919242699,104.69776683079283
60.52501794860061,41.317614308706524,62.689823558474174
39.42272214846572,18.05310981971986,42.22453625767274
27.638062087488457,7.832850073787618,29.24681911502885
20.372393428489577,3.6309701365963867,20.675292268007354
14.992488463629948,1.787990025267959,14.48865561116437
11.300078209985958,0.8917846965397056,10.585827603718654
8.51176681943497,0.44444643674297196,7.939989728078098
6.434031813041267,0.2490372997997771,5.895884750644136
4.661733702382611,0.14541257113761405,4.4246497254293695
3.5330496111371277,0.10512455562900658,3.2091023740867746
2.6824126894122196,0.0823366544531286,2.4647621473633845
2.0509062325675798,0.07013119900846373,1.8465625407973607
1.5934930342477536,0.06043491203799326,1.3709232455888976
1.2446187369988924,0.05033372898161339,1.0356649896296006
0.9746121706338531,0.0388727044296774,0.7882319861542626
0.7697917900016066,0.02869397546009398,0.5815034683755991
0.5858101053967241,0.023644584493268173,0.46625471746319314
0.47248367820540293,0.020034519798593727,0.3632984690644998
0.36392140416522356,0.017115488013393743,0.2813351055437606
0.2857629793170916,0.014623680539834916,0.22279048843098054
0.22828579272272523,0.012687692614810253,0.18276705183251055
0.18884276331316396,0.010007117519339345,0.15392803908949357
0.15943642354526869,0.008966875551427177,0.13413300021011879
0.1345279116480475,0.008662946207589043,0.11565120707855707
0.11678831743488946,0.006811329468249637,0.10060130939385097
0.10220287055319596,0.005547636903116771,0.08953745679817307
0.08976542349578849,0.00449187762885109,0.08119376990283564
0.08038180796886706,0.0031448603715391703,0.07367016997925438
0.07143252924283341,0.002527339779038502,0.068612681161177
0.0650739226625209,0.0018490160549661356,0.06290958646643192
0.05706807277616991,0.0011687466266759655,0.0592007246982005
0.049188089176419446,0.001088195809489086,0.04615018971305688
0.04353899844072705,0.0008740971203296279,0.04315659549661752
0.03719142185110822,0.0006629558518428377,0.038919173831721485
0.03223167026840116,0.0005939382001276955,0.035036979257634694
0.02973136309440818,0.0004956091485448699,0.027824814853860937
0.027125813597781066,0.00042435566421554407,0.024283075064524408
0.023824153734037106,0.0002507845264215524,0.02163320646618252
0.021181561000774677,0.00021925148068428494,0.020132874371277792
0.016515744116180987,0.00019779232242955438,0.01850228813692732
0.014617705950260134,0.00017743583853177975,0.017310927225501947
0.011384313737199947,8.310594708643625e-05,0.01644609875517011
0.0106080973177293,7.860642621976518e-05,0.014939727843029101
0.00975180523489419,7.333752456815856e-05,0.01459445580284435
0.009302668179256107,6.824233470047978e-05,0.01410754335034337
0.006702537799444017,5.7337752099194165e-05,0.01374153153275055
0.006471682056102763,4.754469865346974e-05,0.013177876210196568
0.005208706251873617,4.663423845780014e-05,0.01298505022362415
0.00453300750068347,4.418132786228924e-05,0.011121747321442358
0.0041074443072112625,4.311081734614024e-05,0.006966901859330918
0.0032184041601231563,4.128371677335574e-05,0.006773282064337406
0.002675293167253269,4.0782858696973557e-05,0.006732208236466891
0.0022901690985017895,3.88325165250063e-05,0.005311794663980173
0.0017841411996582356,3.8658052764838744e-05,0.004791846491776207
0.0014908918291285434,3.812499292279306e-05,0.003550595466478855
0.0014253605759554553,3.715190840206668e-05,0.0034967465870232284
0.0009857030714654803,3.6705773636012005e-05,0.003482674094229428
0.0009216845463162645,3.572214885314573e-05,0.0031467126715419994
0.0005151560758220715,3.5187966719736577e-05,0.0026543451689364696
0.0003469840692709696,3.352541833990946e-05,0.0022856965693049207
0.0002924410261031098,1.9054270203283797e-05,0.0018047500120280818
0.00025195557136761365,1.8132281340660223e-05,0.0012651896638807625
0.00019960666038829688,1.2917694789469495e-05,0.0008723986411104525
0.0001593626832510909,1.0631654757979404e-05,0.0006952069318561051
0.00012521263524050718,8.297246430528722e-06,0.0006138271251500714
8.417341244057721e-05,4.385856644722112e-06,0.00044622129316813734
7.255525029642286e-05,4.3807633228835614e-06,0.0004263826942543231
6.58146646079508e-05,3.721943336100802e-06,0.0004013881316895121
4.5786308904906224e-05,3.707962298815595e-06,0.00031129263002382815
4.0470843042501345e-05,2.7082472014605972e-06,0.0002128087095482603
2.956302774859528e-05,1.7214322978396908e-06,0.0001603563067984229
2.7340662665777055e-05,1.720348915906971e-06,0.00014386076359590235
2.3103633036180054e-05,1.7140845230049229e-06,0.00010777694650470622
2.055396497826808e-05,1.7086904138554985e-06,7.838611913974232e-05
1.8487039746387382e-05,1.2348789868774152e-06,6.337019021357987e-05
1.43253746959347e-05,1.1366916334339948e-06,3.175230176415276e-05
1.3993057955650595e-05,8.913308923816e-07,2.499859057092526e-05
1.2290608662301225e-05,8.442678626804957e-07,1.730946455147292e-05
1.0369978089517266e-05,8.137486941375128e-07,1.3406005990317251e-05
9.993776766469198e-06,7.916747863856308e-07,1.2643425556282207e-05
7.144435515650017e-06,7.916480763602975e-07,1.2497102601268663e-05
6.619294829228259e-06,6.547867043707289e-07,1.1935542630389103e-05
3.358486940746492e-06,6.539401457170607e-07,7.1349917454899335e-06
3.358486940746492e-06,6.478585763156889e-07,5.054465943437495e-06
2.6563747973951278e-06,3.885014351996536e-07,4.281103707819009e-06
2.601426677751201e-06,2.1576098261602923e-07,3.3265357467628693e-06
2.4850034057347955e-06,2.15743705699422e-07,2.575826550745226e-06
2.2975645559042514e-06,2.143562048707483e-07,2.395834553966499e-06
1.2644700729765724e-06,1.2561866914543455e-07,2.25568302177858e-06
1.2486941441652247e-06,9.959299633278916e-08,1.6626502509852225e-06
9.882584820605382e-07,5.3487825983088974e-08,1.3294575349931314e-06
9.198546242758789e-07,4.6061430108536045e-08,1.1027074513895706e-06
6.997057078193931e-07,3.641446794080766e-08,8.937721691086731e-07
5.838609043059606e-07,3.1300057072949075e-08,7.746127031199915e-07
5.140224504479338e-07,2.8276887434420414e-08,7.577740303563711e-07
5.008261211439289e-07,1.752028210191582e-08,6.357539967990944e-07
3.6744337018584163e-07,1.4874722380646991e-08,6.263521363960115e-07
2.985755697369352e-07,1.1074964213883558e-08,6.114926490609197e-07
2.0340680752181836e-07,8.418730188381199e-09,4.501242331444197e-07
1.3940141105760616e-07,5.018882585995613e-09,3.2009675142706303e-07
1.1066449520285149e-07,4.184910936267117e-09,3.061918481063726e-07
7.86229827549017e-08,2.5402130291444056e-09,2.9964340813931387e-07
6.383284592643242e-08,2.125031890918637e-09,2.3512695128526182e-07
6.314521561921377e-08,2.0116479771325303e-09,2.2423292119438355e-07
6.301459719262252e-08,1.5794686262191398e-09,1.633613335760747e-07
5.4783629100801666e-08,1.437513513339385e-09,1.4829133475461682e-07
5.306914655307557e-08,1.0929392117180185e-09,1.1387461154216818e-07
4.795247592026388e-08,9.741005395803031e-10,1.0664006712893893e-07
4.350588058606906e-08,7.939060771960146e-10,6.875911689842385e-08
4.350588058606906e-08,7.35396465512452e-10,6.774111424633772e-08
3.9241989214955576e-08,6.858700179201386e-10,5.983982864258727e-08
3.6150591927513335e-08,5.960278242129988e-10,5.734617588352432e-08
3.5105852967845775e-08,5.732860139297024e-10,5.4841832322681994e-08
3.0774299051146894e-08,4.4688656503519524e-10,5.4094716020661805e-08
2.983268056068302e-08,3.535389703490311e-10,5.204448930426869e-08
2.8915390697253484e-08,3.353449557653962e-10,4.657159606888582e-08
2.8915390697253484e-08,3.074734491487654e-10,3.8596461832399164e-08
2.885987625874867e-08,2.450261590458606e-10,3.842129983683306e-08
1.6313209831082436e-08,2.399306255509829e-10,2.9575347625317196e-08
8.07119881478801e-09,2.2166869181398268e-10,2.830230561626193e-08
7.916407861914152e-09,2.129025210362271e-10,2.1248909216084628e-08
6.924738895253809e-09,2.073144559407699e-10,1.480961084356826e-08
5.060873615335885e-09,2.071046117606963e-10,1.4550151743958762e-08
4.759197930762382e-09,2.0562918740820106e-10,7.353905699822905e-09
4.603058674833216e-09,1.2686379778749663e-10,7.272732085167553e-09
4.346457731371752e-09,1.0318004641613174e-10,6.990725743732136e-09
3.848727544025611e-09,7.813823701134605e-11,6.9643444145247135e-09
3.7686052599424905e-09,5.2328752616036026e-11,6.952960240466695e-09
3.6475082334114365e-09,3.8188879723229696e-11,5.528331973065477e-09
3.113806337191158e-09,3.8188879723229696e-11,4.8048530040301e-09
3.098116904025744e-09,3.4425353042509604e-11,3.037560509421541e-09
3.0536806018152e-09,2.534019749052689e-11,2.8889827652681557e-09
3.021574687458823e-09,2.3542297929407956e-11,2.7080413388119274e-09
3.021574687458823e-09,1.5855995430836698e-11,2.680343448266307e-09
2.569124295824775e-09,1.5630397104575942e-11,2.3553989024091003e-09
2.2134760411377317e-09,1.5609508002933624e-11,2.337676418005546e-09
1.7802179796924038e-09,1.554798721768177e-11,2.242296586866657e-09
1.7576590331885655e-09,1.533947246815828e-11,2.207847508153948e-09
1.2498456190641739e-09,1.3339631573234891e-11,1.6459055504448982e-09
1.2376337117767914e-09,1.0086444646234706e-11,1.6387568726994623e-09
1.2265669463322664e-09,7.824305296427726e-12,1.4007403699539406e-09
1.1141684529739439e-09,5.160619206673963e-12,1.3981655334797589e-09
1.0967549502069983e-09,4.526598138686857e-12,1.2894735657042045e-09
8.63450240343131e-10,3.1170185122350368e-12,1.0042725767975297e-09
8.583229214666306e-10,1.7033158698283958e-12,7.320499433145662e-10
6.96043938995964e-10,1.6425173041575394e-12,6.389701935719408e-10
5.809234676086811e-10,1.5488829160081982e-12,5.695940248084471e-10
5.502923050279901e-10,1.4194058609995674e-12,5.079909371702882e-10
5.412465387734926e-10,1.3237512189085343e-12,3.5994658505179766e-10
2.5293474004013196e-10,9.579496893257417e-13,2.335204177738358e-10
2.365520133101758e-10,9.435060062518927e-13,2.150466101684542e-10
1.3896586390425077e-10,9.314391360301429e-13,2.04697680793838e-10
1.1317195781297923e-10,5.72825312539999e-13,2.0331088026928752e-10
8.30155433713199e-11,3.7528694941160985e-13,1.9637346191592935e-10
5.1195367588922704e-11,3.4160066196035144e-13,1.2200949379581642e-10
4.1977152227826024e-11,1.148521131663834e-13,7.733761835108238e-11
3.723420782410932e-11,7.270745813399271e-14,6.08515185457711e-11
3.321316434954428e-11,4.914614318220869e-14,3.020180583870603e-11
2.9218376516414656e-11,4.361981596557001e-14,3.0169324192587184e-11
2.7544146976765966e-11,3.5593837905765825e-14,3.0090016767559546e-11
2.456459790579207e-11,2.72033805911133e-14,2.8391437519358512e-11
2.398107938309746e-11,2.4880645762784954e-14,1.3365926931830866e-11
2.36403952230282e-11,1.9591618298348605e-14,1.336129849168622e-11
2.322830395939838e-11,1.6821533911288407e-14,1.336129849168622e-11
2.159751919511274e-11,1.1511464342158055e-14,9.199019197164871e-12
2.1520424221123915e-11,9.31332354599677e-15,9.176952878206847e-12
1.8586903199349707e-11,8.258167183819836e-15,9.176952878206847e-12
7.437033409868776e-12,6.5427422628022066e-15,8.910932214440599e-12
6.304197205482032e-12,5.960849296445656e-15,7.115737638739962e-12
3.316225097128909e-12,5.3625447170872665e-15,6.701006819082048e-12
3.0432702004567777e-12,5.3625447170872665e-15,6.205581523076469e-12
3.0432702004567777e-12,5.291886981163076e-15,5.762511096689272e-12
2.9754134754784668e-12,5.29078747128606e-15,5.296420363505424e-12
1.6872289499513551e-12,4.972716261193136e-15,5.294391380851555e-12
1.6094224598265953e-12,4.1181123955195585e-15,4.8799831768213235e-12
1.3824670565054255e-12,4.11715976341799e-15,4.243028226161593e-12
1.149494643228811e-12,2.875448474274666e-15,3.267427000080203e-12
1.118733606511071e-12,2.816134356395802e-15,2.0099471597841786e-12
1.0038735166809624e-12,1.7937345497862266e-15,9.48068602260567e-13
8.94322785440983e-13,1.7569535202050467e-15,9.026229568392972e-13
8.324903369397657e-13,1.7135244503308205e-15,8.35757691832348e-13
8.217767998881558e-13,1.4964650892731398e-15,7.795302622853777e-13
7.91149395667886e-13,1.3440176006783128e-15,7.728460010390595e-13
7.115239279338997e-13,1.3278841246741837e-15,7.554183568059574e-13
6.963447546044696e-13,1.326441226145253e-15,7.008945579222612e-13
6.745395158653645e-13,1.2391404788344148e-15,3.197764197927885e-13
6.745395158653645e-13,8.648131024726695e-16,3.176523357749859e-13
6.745395158653645e-13,6.366263159475174e-16,2.7631624977107386e-13
5.451577650327542e-13,6.155092734356975e-16,2.7507697271145286e-13
3.856289247282905e-13,4.948645476110149e-16,2.731954712514896e-13
3.8374684936658504e-13,4.518804904193501e-16,2.6822524427287825e-13
3.832186802434565e-13,4.3730152356340032e-16,2.4639084737312975e-13
2.5072770080049194e-13,2.8533650309009513e-16,2.4621290249070704e-13
2.5072770080049194e-13,2.714854453042528e-16,2.4621290249070704e-13
2.4702228616388743e-13,1.0867992386608364e-16,2.0061731540106134e-13
2.3370163505477024e-13,4.366034086115878e-17,2.0002708732587453e-13
2.3332724015766173e-13,4.180302755277415e-17,1.871502704071087e-13
2.305558976531818e-13,3.882287619181713e-17,1.871502704071087e-13
1.9038572304917267e-13,3.5539225673387777e-17,1.7425785663324643e-13
1.3745622248816824e-13,2.2621913068028172e-17,1.0488658575885579e-13
8.013272181183971e-14,2.256261741762982e-17,8.790557475622172e-14
4.3664348777402865e-14,1.8311210325174375e-17,8.774565576450244e-14
3.171650476526092e-14,1.447870994850801e-17,8.759656029232964e-14
2.906256503390161e-14,9.281195710271407e-18,6.394581654653449e-14
2.896744860174761e-14,9.279083983618698e-18,5.769985396325982e-14
2.7194379381201958e-14,9.233255256799324e-18,4.343325296867827e-14
1.9002043705521133e-14,9.233006943762215e-18,3.0829714204439786e-14
1.8113699274179586e-14,8.403628003678895e-18,3.080037152774212e-14
1.1006744038764184e-14,7.624988535460773e-18,2.5348561948655588e-14
1.0052145208895002e-14,7.62355051645542e-18,2.064225784409976e-14
5.74645804124977e-15,7.62355051645542e-18,1.8345448379157832e-14
4.724787740493224e-15,7.16097154705278e-18,1.6463980981025437e-14
3.859804851623871e-15,7.127502739023692e-18,1.60080263047724e-14
2.6921517112011203e-15,6.459360498674703e-18,1.600639244413257e-14
2.487468981076378e-15,5.577935402138961e-18,1.5238841839938816e-14
2.2176013431416927e-15,5.292680537595214e-18,1.2776944032817131e-14
1.588600004857651e-15,4.672939813798791e-18,1.2769915317492206e-14
1.4592060959100824e-15,4.672939813798791e-18,9.818820808898741e-15
1.1063831352817985e-15,4.6538813009113894e-18,9.7748044752476e-15
7.969141815337334e-16,3.750245949628938e-18,9.295931628233904e-15
6.341612572645208e-16,3.750245949628938e-18,9.295931628233904e-15
6.312191808653241e-16,3.3506810231963966e-18,8.842663249311938e-15
5.016388989863429e-16,1.7289117849749684e-18,8.842566350823167e-15
4.844937751404485e-16,1.611152255104976e-18,7.673944635759387e-15
3.5789557960480323e-16,1.4346889635622357e-18,7.673944635759387e-15
3.260448839887792e-16,1.431595830562079e-18,7.673673855629808e-15
2.5685550247107555e-16,1.3867399673904835e-18,7.523071751859779e-15
1.9205011895779182e-16,1.378704913187255e-18,7.521130816324414e-15
1.762641794861268e-16,1.3678463489887548e-18,7.521130816324414e-15
1.3344882820016678e-16,1.3598376386969328e-18,7.520335254459783e-15
9.70201260134897e-17,1.3542695933340278e-18,7.520335254459783e-15
9.36049548545872e-17,1.3529175577658007e-18,7.520335254459783e-15
6.779208139124426e-17,1.3521064625880524e-18,6.377808499033068e-15
6.198037936039167e-17,1.3517221687489779e-18,6.27434082266385e-15
5.5408326317782765e-17,1.0584273733551312e-18,4.447966267670613e-15
5.389113922083208e-17,1.0580197231538058e-18,4.415226020943892e-15
3.550705075926924e-17,9.224286121356156e-19,4.414177465853131e-15
3.5473896674719335e-17,9.209979452825992e-19,4.407048431645376e-15
3.412072484966622e-17,9.209414821858768e-19,4.406480675171206e-15
1.9738109248844042e-17,9.208397299917095e-19,4.384083192311814e-15
1.6870984708755354e-17,6.213042684237289e-19,4.384083192311814e-15
9.643218654308124e-18,6.213042684237289e-19,4.383956859161572e-15
6.883380120696445e-18,6.207089376396123e-19,4.383956859161572e-15
4.869976824183378e-18,6.204950516410212e-19,4.38382378460406e-15
3.00751502986563e-18,6.204788484181482e-19,4.2457006360328345e-15
2.7217513550904793e-18,6.204366572632974e-19,3.948194366754087e-15
2.3992327560198285e-18,4.0493020876402376e-19,3.849687751646751e-15
2.1989401602640436e-18,4.045158116947363e-19,3.7494948081825355e-15
2.1561255357631573e-18,4.045158116947363e-19,3.741673567210629e-15
1.6977208482856035e-18,4.0384575012950976e-19,3.4721538074932595e-15
1.4675801364964005e-18,3.0034809593188235e-19,3.4713433294804423e-15
1.4658311091728976e-18,2.3921844557806317e-19,3.450311075315234e-15
1.4070009854345718e-18,1.1251646768850828e-19,3.21355217658074e-15
1.279370495341512e-18,7.507410081983836e-20,3.2058658373294054e-15
1.2045058635619476e-18,7.278326156483966e-20,2.6301293616968983e-15
1.1333749558852049e-18,5.707339279452491e-20,2.0129668235841475e-15
6.954546545781053e-19,3.464873439172338e-20,9.571947705831737e-16
6.807774362536952e-19,2.481792515815773e-20,8.300874559829391e-16
6.425547350810085e-19,2.4817056037066492e-20,2.95809440840381e-16
5.780327573064187e-19,2.1489525630771752e-20,1.7069416723109032e-16
5.306514889580256e-19,1.6017987109166806e-20,9.343938702469311e-17
5.039984262215003e-19,1.5638076032376175e-20,4.5987765052900037e-17
4.892245915925265e-19,1.15353550518149e-20,4.4261859006695506e-17
4.883519721168006e-19,1.1534007140908725e-20,3.428848509162326e-17
4.742260382907422e-19,1.1157838674328588e-20,2.652254866644299e-17
4.681868781065408e-19,7.777444779527109e-21,2.3496871732412038e-17
4.513699858038309e-19,7.776750008439128e-21,2.3493044193197792e-17
4.513699858038309e-19,6.095855695428428e-21,1.8354448068864016e-17
4.513699858038309e-19,6.0114596570538464e-21,1.8353543938277967e-17
4.374920620266424e-19,5.076391768134836e-21,1.3179154834324981e-17
4.373896730270996e-19,4.891178380396553e-21,1.1975352255647254e-17
4.2788310299106723e-19,2.564528401130872e-21,1.148957783871494e-17
3.484618727442281e-19,1.6119427368402838e-21,8.868858642249998e-18
3.4653523635101545e-19,1.3271533237035041e-21,8.868407579514643e-18
2.536342444072578e-19,1.3271533237035041e-21,8.55349850612047e-18
1.9945688936697708e-19,1.327004700806832e-21,5.663338022997911e-18
1.4262663254964282e-19,1.327004700806832e-21,4.838558044762867e-18
1.3459148473970125e-19,1.3231588942186593e-21,3.744305687719243e-18
1.3459148473970125e-19,1.3224483472902574e-21,2.1930899476579027e-18
1.1354783936151725e-19,1.3224483472902574e-21,2.0136266187613996e-18
1.0976322718057976e-19,1.2772022911604146e-21,1.221371709869257e-18
9.537875006383122e-20,1.1609088226370906e-21,1.2212853997701764e-18
8.695748372764091e-20,1.109220446293125e-21,1.1771126574996846e-18
7.353021751230877e-20,1.1025506923889091e-21,1.1490518512022015e-18
6.930483123851755e-20,1.093235632907809e-21,9.149058805285547e-19
6.400235086423064e-20,1.087581776072418e-21,8.909480169243916e-19
5.920824615346758e-20,1.087581776072418e-21,8.909352526832887e-19
4.4453225692042844e-20,1.087581776072418e-21,7.71379242023101e-19
4.203213604119926e-20,1.0875776223722337e-21,7.162529290500399e-19
3.502192088232749e-20,1.087517543246112e-21,6.644693955188963e-19
3.5019258329571986e-20,1.087517543246112e-21,6.482136883233478e-19
2.0858933007100405e-20,1.0129488775670156e-21,6.387920035010257e-19
1.8929262698221063e-20,1.0129488775670156e-21,5.690968085809744e-19
1.6443446375074535e-20,6.700773345886681e-22,5.14013891270246e-19
1.518070044419139e-20,6.700773345886681e-22,3.6825159321438115e-19
1.3106063957758397e-20,6.700773345886681e-22,3.3416698801067043e-19
1.1080859745992065e-20,6.700773345886681e-22,1.9820761398977869e-19
1.0506304318993336e-20,6.699800094555034e-22,1.4973704884986662e-19
1.0387478321233977e-20,6.680487942684925e-22,1.280946778734203e-19
9.072763645070328e-21,6.680392891926356e-22,1.2103582783055515e-19
8.946968289019906e-21,6.667827775174533e-22,1.201755796681286e-19
8.727774574751915e-21,6.37313597194444e-22,9.581050533552102e-20
8.727774574751915e-21,6.148466481706563e-22,6.184406181497627e-20
6.955424983374537e-21,6.148466481706563e-22,6.183887199397655e-20
6.821237215291114e-21,6.141090532337654e-22,6.183244381893788e-20
6.737783197724927e-21,6.134900862008512e-22,4.317831064580983e-20
6.7201153921454165e-21,6.108212954354634e-22,4.3175518060929226e-20
3.680642093151798e-21,6.108162704589315e-22,4.3175518060929226e-20
2.9626497500209587e-21,6.10810488381638e-22,4.3175518060929226e-20
2.780016089309775e-21,6.10810488381638e-22,3.933150678255455e-20
2.3109527431974087e-21,6.10810488381638e-22,3.6075421329136034e-20
2.191930611373768e-21,6.10810488381638e-22,3.602474725031606e-20
1.885288041205083e-21,6.031302257787066e-22,2.2910373355514888e-20
1.8549040462122947e-21,6.031296018523604e-22,2.231912653755898e-20
1.4954039113299058e-21,6.030869248232796e-22,2.2296108397686607e-20
1.2242540283741931e-21,5.983143664430339e-22,1.815950509815647e-20
4.996983443296736e-22,5.981619757024453e-22,1.7005959364136267e-20
4.10823654604231e-22,5.981619757024453e-22,1.2800913865354868e-20
3.036020632276665e-22,5.981619757024453e-22,1.0996029632834594e-20
2.402474988780907e-22,5.731380125520187e-22,9.831884656219793e-21
1.8919704836195286e-22,5.729465459673544e-22,9.573791196141148e-21
1.3610718341456024e-22,5.0674302963485055e-22,5.186391771723388e-21
1.0816219848963864e-22,4.963046754043068e-22,5.1688177924208765e-21
9.472726227799038e-23,4.959805623102216e-22,5.121715639691153e-21
9.191228698756796e-23,4.804443723840501e-22,5.121668706412459e-21
9.188757825401138e-23,4.804443723840501e-22,5.106535622736786e-21
8.007353117078903e-23,4.738165342677108e-22,5.1047219175982806e-21
7.890739245085123e-23,4.380836641382961e-22,4.9692158491636084e-21
6.39796933517975e-23,4.380836641382961e-22,4.4452046109225426e-21
5.771205180312669e-23,4.380835801507312e-22,4.43226590141152e-21
5.771205180312669e-23,4.361462917893767e-22,3.650394820098879e-21
5.1682523178995107e-23,4.353805008793323e-22,2.1962124515844846e-21
4.1114356611903126e-23,4.32465238365941e-22,1.0332308759911547e-21
4.1114356611903126e-23,4.324595271509657e-22,6.821273028085658e-22
4.1099171282652185e-23,4.315492011391477e-22,2.4296135319725513e-22
3.3032237640580746e-23,4.31548220953809e-22,2.351289596640183e-22
3.3032237640580746e-23,4.312169766478419e-22,1.802619406604798e-22
2.4444880928410719e-23,4.31135400661055e-22,1.7815737607740638e-22
2.2621715295170333e-23,4.309626350096089e-22,1.0127799707065152e-22
1.5982820499553858e-23,4.309500372446444e-22,9.60650242141455e-23
1.4236919691244212e-23,4.309499732756137e-22,9.065085748439022e-23
1.2724994800740093e-23,4.309498007538104e-22,7.610868961497603e-23
1.1900710072384034e-23,4.306702630830583e-22,5.1714654325832434e-23
1.1900710072384034e-23,4.306702630830583e-22,3.7360620092073804e-23
9.087069121083884e-24,4.306702463047786e-22,3.6623525806973125e-23
8.771289611542581e-24,4.306323191021779e-22,3.4432066609219966e-23
8.665275875769042e-24,4.306323191021779e-22,3.347407812682126e-23
7.247158880040849e-24,3.3440762304521183e-22,2.476589936278103e-23
5.879981027634305e-24,2.968279983560402e-22,1.9152671091136584e-23
4.730796997167539e-24,2.7437982604539866e-22,5.982174131029236e-24
4.502163068306705e-24,2.3957648784256157e-22,5.168793859240353e-24
4.4563620113619885e-24,2.395148785015218e-22,4.692796327364776e-24
4.4563620113619885e-24,2.395145700740153e-22,4.546627177439141e-24
3.4349594187673826e-24,2.3949472078908624e-22,4.220910363015763e-24
3.324086307942453e-24,2.394815047900942e-22,2.926630236839228e-24
2.570908669700263e-24,2.394700384865658e-22,1.6004480208925098e-24
1.3283661783623358e-24,2.3944413112200966e-22,1.6004480208925098e-24
1.1924536065425663e-24,2.3943888421765386e-22,1.2226458308320627e-24
8.951282054374144e-25,2.394388689082513e-22,1.2034331284348148e-24
7.466733204904097e-25,2.1629567359241672e-22,9.944840678129623e-25
6.223025108065008e-25,1.5790010709082463e-22,7.55638914594106e-25
2.6510110130667013e-25,1.5789749232077338e-22,7.352474690523795e-25
2.338659562106184e-25,1.578956437657339e-22,6.398265086878612e-25
1.8029980266197016e-25,1.578947766890902e-22,6.338091498379778e-25
1.801062106168149e-25,1.578947564622262e-22,6.33624012180594e-25
1.6023665514692981e-25,1.5789475427560656e-22,5.083427046581569e-25
1.345403270713171e-25,1.5789411611997139e-22,3.7468943192563743e-25
1.2349668724340513e-25,1.5789411611997139e-22,3.742798426956153e-25
1.2024443871195035e-25,1.4673186763810994e-22,3.728181251995699e-25
9.796617098650512e-26,1.4673186763810994e-22,3.711565667245771e-25
9.766617114718027e-26,1.467318644291576e-22,3.11716573820876e-25
7.689996981834077e-26,1.4673186290848324e-22,2.202127581562692e-25
6.907553630276128e-26,1.4673186290848324e-22,2.0376830790939704e-25
6.907553630276128e-26,1.467314488877643e-22,1.714511441876275e-25
6.118629567446968e-26,1.0936964673020647e-22,1.710060556035754e-25
6.11733923884252e-26,1.0936930544798692e-22,1.3583237445453834e-25
4.6987900786532605e-26,9.406359866478664e-23,8.761035824293613e-26
4.692088891811813e-26,9.406359866478664e-23,4.9005638551644216e-26
3.5988888287210473e-26,6.160942284588845e-23,4.8702902398280147e-26
2.676719749979754e-26,5.463328394412972e-23,4.562840781811731e-26
2.5577627433069492e-26,4.4711338753098626e-23,4.546691417416457e-26
2.4227401166101133e-26,2.959088670325429e-23,3.776251753792546e-26
1.9094958390166273e-26,2.959083406105892e-23,3.626592443658426e-26
1.9088995892905518e-26,2.959083270525619e-23,3.62614812409343e-26
1.3479674492969013e-26,2.959083072180933e-23,3.624967135728999e-26
9.53517660540447e-27,2.959082125806484e-23,3.443283305750166e-26
9.406868393002e-27,1.6263520030955453e-23,2.935086690287318e-26
8.023819509012669e-27,1.6263396395782083e-23,2.6749878351051516e-26
6.254764260372173e-27,1.6263395068288716e-23,2.589079130792462e-26
5.491317075268235e-27,1.6263394600955767e-23,2.5821445419516925e-26
5.491317075268235e-27,1.2342580467464651e-23,2.086331765090744e-26
5.3003984634600876e-27,9.247307216449487e-24,2.086302643993704e-26
4.845449578013622e-27,9.24730461759081e-24,1.8895337207709067e-26
4.840261163028916e-27,9.247303014126922e-24,1.8860654361926694e-26
4.381387417791867e-27,6.053109120474123e-24,1.5759737624622973e-26
2.861240594087033e-27,2.850054740541155e-24,1.560349641639115e-26
2.861240594087033e-27,2.8500542168764314e-24,1.548400964497369e-26
2.861240594087033e-27,2.8500540664542534e-24,1.541633483568534e-26
2.685183748466355e-27,2.8500540664542534e-24,1.5383788895513788e-26
2.5069283108198235e-27,2.8021895016041682e-24,1.537259019864366e-26
2.4979088489712145e-27,2.1412535138117476e-24,1.516831884904748e-26
2.4369563098884347e-27,2.141252368591743e-24,1.5141002414188918e-26
2.264446871962334e-27,2.1412513236711542e-24,1.379912988109985e-26
1.7282380961062468e-27,1.492061718007706e-24,1.2507895731282987e-26
1.7252967269153502e-27,1.4920608243105512e-24,8.879095975062699e-27
1.426442505575388e-27,1.4920608243105512e-24,6.696855569337556e-27
1.131583284979203e-27,1.3132004748043155e-24,4.065078311814439e-27
8.23034622574832e-28,1.3132004748043155e-24,1.7020801771673555e-27
6.731394635782725e-28,1.31305459170515e-24,8.02719125251691e-28
6.691975747268833e-28,1.3130545907869933e-24,8.02719125251691e-28
6.333206813722267e-28,1.3130545907869933e-24,6.522990885430005e-28
6.310931235204734e-28,1.3130545907869933e-24,5.410840428094733e-28
6.170292615913559e-28,1.3130545907869933e-24,4.050428811310929e-28
3.926032677437909e-28,1.3130544624540104e-24,2.966457569890411e-28
3.807784386970198e-28,1.313054462137965e-24,2.8697690067992455e-28
3.2695951952876757e-28,1.313054462137965e-24,1.7918675381150294e-28
3.145627485812229e-28,1.2935806698888115e-24,1.6287386558596984e-28
2.7826794555400823e-28,1.2060508578266213e-24,1.3807362730470088e-28
2.713097910259327e-28,3.2933517648924717e-25,1.145235481731608e-28
2.5926861411665514e-28,1.118267244479905e-25,9.856599231202793e-29
1.6386766169468356e-28,5.869896081329623e-26,7.378166515093916e-29
1.6386766169468356e-28,5.861508716284614e-26,6.478957418961949e-29
1.6386766169468356e-28,5.849136239444202e-26,6.170141230777677e-29
1.6383450238052187e-28,3.717695375123959e-26,5.183461056991271e-29
1.219675946559631e-28,3.7176920772091716e-26,4.6305812721486217e-29
1.1870932752408582e-28,3.7176920772091716e-26,4.4456329209220825e-29
1.0528074889135911e-28,3.7176920772091716e-26,3.1206703761486204e-29
1.0420490034519345e-28,3.7176920594949585e-26,2.308962430234608e-29
6.53540579922419e-29,3.709211503826512e-26,1.9415247832939152e-29
4.8107628569194696e-29,3.7064506514711436e-26,1.5162159351540282e-29
4.742457371553757e-29,3.3198148939331084e-26,1.4737004600077127e-29
4.742086194690843e-29,2.4835951727476535e-26,1.463128352531063e-29
4.5247304805106024e-29,2.1821826066404072e-26,1.1965996408663246e-29
3.057888217345246e-29,2.181706797329488e-26,1.1965400646489723e-29
2.9810316109125883e-29,2.181706797329488e-26,1.1166113987780544e-29
2.9801037133206196e-29,2.181706797329488e-26,9.868197318352276e-30
1.9950931557342333e-29,2.181706797329488e-26,9.819399086909886e-30
1.9815309265546167e-29,2.1817067764581825e-26,8.962223638739517e-30
1.9018726303805166e-29,2.181706775513833e-26,8.962223638739517e-30
1.7865358781211536e-29,1.3436885860979326e-26,7.693182052798031e-30
1.668142286706256e-29,1.343591825183769e-26,7.693182052798031e-30
1.415606542570545e-29,1.0908298475755968e-26,7.215119100882258e-30
1.3834963451248283e-29,1.0906665959770226e-26,6.425442938950134e-30
6.150056386206352e-30,1.090547941315823e-26,6.392786845201405e-30
5.915941685901287e-30,6.398731512626352e-27,6.386983304624554e-30
5.779865572687455e-30,4.3623403196929854e-27,6.384005440523941e-30
5.730788470581532e-30,3.626900526910466e-27,6.30206740539028e-30
5.730788470581532e-30,9.460199496656271e-28,5.9738023801417226e-30
5.730788470581532e-30,7.895001108911391e-28,5.843536423661494e-30
5.730237124454995e-30,7.8883659055742685e-28,5.739560027103914e-30
5.7301663756091206e-30,6.27524148517018e-28,5.719618814207089e-30
5.7301663756091206e-30,5.008499500549159e-28,5.683424822510216e-30
5.683647087162213e-30,5.004628982733499e-28,5.628189252973936e-30
5.683647087162213e-30,3.5963437260001287e-28,5.621365393876626e-30
5.654141264423079e-30,3.397621076001084e-28,5.141306303192261e-30
5.654141264423079e-30,1.8631816770323321e-28,4.923293566512789e-30
5.649429009182031e-30,1.2672548533672839e-28,4.613549649251476e-30
5.6317408473757314e-30,1.266442211904687e-28,4.465264087754922e-30
5.4852829352232635e-30,1.2663948585379013e-28,4.081466382430835e-30
3.3620865756001445e-30,7.941253280119405e-29,3.799323555104786e-30
3.3582952106333876e-30,7.939919891719474e-29,3.733077386517676e-30
2.3278461290081547e-30,7.939919891719474e-29,3.606708338202218e-30
2.31197272284814e-30,7.936864649664449e-29,3.5346396243233786e-30
2.295744359714204e-30,7.93664411867024e-29,3.4789693928168855e-30
2.2914338790529136e-30,7.930558875441926e-29,3.47894482630879e-30
2.2891004223120835e-30,7.198617658652036e-29,2.202070984648133e-30
2.2885973482305944e-30,6.45988683865368e-29,2.066398470019531e-30
2.2669447433162074e-30,6.459886777646128e-29,2.066398470019531e-30
1.493642085141711e-30,6.459855531508916e-29,1.8121327277106933e-30
1.4932160944655797e-30,5.810700452325983e-29,1.7802706127311715e-30
1.477933224847014e-30,5.809149479427514e-29,1.7538746575796767e-30
1.4771413868689127e-30,4.495513738888582e-29,1.7375350015369147e-30
1.3949373664760498e-30,4.4953465008755283e-29,1.736835344263213e-30
1.1028052883387167e-30,4.495282094475336e-29,1.730708075157246e-30
6.976470030340794e-31,4.495282094475336e-29,1.2428405471467891e-30
4.988205301103405e-31,4.4952336893220346e-29,1.2260731725598629e-30
2.8698329725841934e-31,4.4952336893220346e-29,1.2152800771314945e-30
2.591642083610654e-31,4.36131607677157e-29,1.2152798829877051e-30
2.36942795549622e-31,4.361241995727162e-29,1.2117461168738077e-30
1.6221494011985704e-31,4.361234887943141e-29,1.2108927214337137e-30
1.593328953306538e-31,4.361234886125884e-29,1.2097886964191437e-30
1.5675315632106124e-31,4.3598820324343336e-29,1.2078619223062399e-30
1.295905187502751e-31,4.359876093901751e-29,1.2078619223062399e-30
1.2486706483231113e-31,4.3589301093024045e-29,1.2078619223062399e-30
1.1627913752743202e-31,4.358929528974754e-29,1.2078618370090328e-30
1.0790523323595985e-31,4.3586014818333494e-29,1.2078615343379975e-30
1.0288503454347757e-31,4.3582044056364995e-29,1.199247051967367e-30
9.972212813867261e-32,4.357553430615432e-29,1.1947069679950024e-30
9.628498096871119e-32,4.357085426030532e-29,1.1940667918202801e-30
9.518602962327327e-32,2.619923907761858e-29,1.1940667918202801e-30
9.251213372416934e-32,2.619923781398107e-29,1.1938664591093607e-30
9.131399283057895e-32,1.5378103386743172e-29,1.189633880332013e-30
8.926152416286148e-32,8.552903091998827e-30,1.0847421357778726e-30
8.803614364122872e-32,5.380858638697866e-30,1.0844064433194374e-30
8.72238294136597e-32,5.38085863166179e-30,1.0195762360686148e-30
